[JOB 0 START]
160 161
256 257
196 197
94 95
242 243
142 143
164 165
198 199
202 203
144 145
206 207
134 135
130 131
68 69
66 67
200 201
260 261
100 101
168 169
96 97
176 177
84 85
82 83
30 31
28 29
166 167
262 263
186 187
98 99
44 45
42 43
240 241
62 63
126 127
224 225
172 173
220 221
64 65
110 111
36 37
50 51
32 33
234 235
52 53
192 193
48 49
40 41
104 105
8 9
232 233
230 231
190 191
6 7
254 255
58 59
188 189
128 129
264 265
208 209
46 47
88 89
170 171
216 217
162 163
236 237
124 125
204 205
228 229
26 27
140 141
74 75
4 5
14 15
0 1
250 251
16 17
150 151
112 113
12 13
138 139
72 73
248 249
218 219
246 247
136 137
148 149
22 23
132 133
80 81
266 267
178 179
10 11
38 39
122 123
222 223
120 121
152 153
174 175
92 93
76 77
146 147
60 61
194 195
214 215
244 245
158 159
54 55
156 157
90 91
226 227
86 87
108 109
114 115
106 107
24 25
154 155
184 185
258 259
118 119
18 19
116 117
270 271
102 103
212 213
210 211
34 35
238 239
78 79
268 269
70 71
182 183
180 181
2 3
252 253
20 21
56 57
[JOB 0 END]
