%%MatrixMarket matrix coordinate double general
40 40 1237
1 1 0.000520965
1 2 0.00028264
1 3 0.000115569
1 4 3.19132e-05
1 5 4.03409e-05
1 6 0.000134586
1 7 8.83775e-05
1 8 2.88523e-05
1 9 4.29967e-05
1 10 7.87338e-05
1 11 2.32228e-05
1 12 1.206e-07
1 13 1.8381e-06
1 14 1.64412e-05
1 15 5.13258e-05
1 18 2.12211e-05
1 19 5.15659e-05
1 20 6.70125e-05
1 21 0.000108416
1 22 0.000120882
1 23 7.37144e-05
1 24 2.82411e-05
1 25 2.89692e-05
1 26 2.90037e-05
1 27 6.72134e-05
1 28 2.87233e-05
1 29 4.16313e-05
1 30 2.93222e-05
1 31 1.0477e-06
1 32 1.09e-08
1 33 2.5074e-06
1 34 1.49163e-05
1 35 2.63615e-05
1 38 1.561e-07
1 39 3.00671e-05
1 40 4.21316e-05
2 1 0.000587487
2 2 0.000319266
2 3 0.000127708
2 4 9.20144e-05
2 5 8.994e-05
2 6 0.000236284
2 7 0.000130995
2 8 7.077e-05
2 9 5.96966e-05
2 10 0.000106362
2 11 6.17478e-05
2 12 3.207e-07
2 13 2.05822e-05
2 14 6.24021e-05
2 15 9.02499e-05
2 18 2.22948e-05
2 19 9.49641e-05
2 20 0.000102832
2 21 0.000145029
2 22 0.000206759
2 23 0.000119475
2 24 6.74145e-05
2 25 5.23128e-05
2 26 7.15985e-05
2 27 9.09727e-05
2 28 7.06224e-05
2 29 5.76189e-05
2 30 5.03959e-05
2 31 1.929e-06
2 32 2.01e-08
2 33 2.20527e-05
2 34 4.25085e-05
2 35 6.14802e-05
2 38 3.819e-07
2 39 3.64244e-05
2 40 5.59355e-05
3 1 0.000652926
3 2 0.000419315
3 3 0.000190754
3 4 6.33959e-05
3 5 5.39398e-05
3 6 0.000416672
3 7 0.00017801
3 8 7.51731e-05
3 9 5.30538e-05
3 10 7.67992e-05
3 11 0.000119889
3 12 1.83185e-05
3 13 3.5981e-06
3 14 2.42801e-05
3 15 8.30699e-05
3 18 2.38735e-05
3 19 6.27369e-05
3 20 8.17493e-05
3 21 0.000229763
3 22 0.00028573
3 23 0.000128766
3 24 5.82852e-05
3 25 4.12158e-05
3 26 0.000136972
3 27 0.000136211
3 28 7.50362e-05
3 29 5.19724e-05
3 30 4.22328e-05
3 31 3.4346e-06
3 32 3.59e-08
3 33 2.32408e-05
3 34 4.01141e-05
3 35 3.83531e-05
3 38 7.292e-07
3 39 3.82215e-05
3 40 5.46028e-05
4 1 0.000374147
4 2 0.000222403
4 3 0.000110893
4 4 0.000114066
4 5 0.000136395
4 6 0.000253924
4 7 0.000111843
4 8 7.3491e-05
4 9 9.18905e-05
4 10 0.000131013
4 11 9.76087e-05
4 12 3.58987e-05
4 13 3.92991e-05
4 14 0.00010868
4 15 0.000128962
4 18 3.91606e-05
4 19 0.000117219
4 20 0.000172175
4 21 0.000105419
4 22 0.000151373
4 23 8.57797e-05
4 24 6.82637e-05
4 25 7.15833e-05
4 26 7.39943e-05
4 27 8.99829e-05
4 28 5.58063e-05
4 29 8.89288e-05
4 30 6.79459e-05
4 31 2.01166e-05
4 32 1.79983e-05
4 33 2.34624e-05
4 34 6.97975e-05
4 35 7.75416e-05
4 38 4.888e-07
4 39 5.83028e-05
4 40 6.69727e-05
5 1 6.12065e-05
5 2 4.4038e-06
5 3 1.8007e-06
5 4 4.972e-07
5 5 6.286e-07
5 6 2.097e-06
5 7 1.377e-06
5 8 4.495e-07
5 9 6.699e-07
5 10 1.2268e-06
5 11 3.618e-07
5 12 1.9e-09
5 13 2.86e-08
5 14 2.562e-07
5 15 7.997e-07
5 18 3.306e-07
5 19 8.034e-07
5 20 1.0441e-06
5 21 1.6892e-06
5 22 1.8835e-06
5 23 1.1485e-06
5 24 4.4e-07
5 25 4.514e-07
5 26 4.519e-07
5 27 1.0473e-06
5 28 4.475e-07
5 29 6.487e-07
5 30 4.569e-07
5 31 1.63e-08
5 32 2e-10
5 33 3.91e-08
5 34 2.324e-07
5 35 4.107e-07
5 38 2.4e-09
5 39 4.685e-07
5 40 6.565e-07
6 1 0.000129467
6 2 6.52818e-05
6 3 7.0837e-06
6 4 1.23687e-05
6 5 3.44267e-05
6 6 4.20727e-05
6 7 4.1361e-06
6 8 3.1664e-06
6 9 8.6352e-06
6 10 1.57062e-05
6 11 1.3707e-06
6 12 7.1e-09
6 13 5.665e-07
6 14 5.4214e-06
6 15 2.89952e-05
6 18 8.98e-07
6 19 4.7538e-06
6 20 2.74538e-05
6 21 4.9139e-06
6 22 5.944e-06
6 23 5.2097e-06
6 24 1.01832e-05
6 25 1.00652e-05
6 26 1.6546e-06
6 27 3.0558e-06
6 28 3.0556e-06
6 29 7.9883e-06
6 30 8.921e-06
6 31 5.3e-08
6 32 6e-10
6 33 7.723e-07
6 34 4.5955e-06
6 35 7.6482e-06
6 38 8.9e-09
6 39 3.0021e-06
6 40 6.0258e-06
7 1 0.000258537
7 2 0.000142195
7 3 7.54209e-05
7 4 5.9728e-05
7 5 7.24608e-05
7 6 0.000163016
7 7 6.58687e-05
7 8 1.13185e-05
7 9 4.77447e-05
7 10 8.72986e-05
7 11 2.22732e-05
7 12 1.157e-07
7 13 2.2089e-06
7 14 3.76004e-05
7 15 7.51713e-05
7 18 2.305e-06
7 19 5.10456e-05
7 20 8.76205e-05
7 21 6.37958e-05
7 22 9.5245e-05
7 23 5.32422e-05
7 24 3.59819e-05
7 25 3.64592e-05
7 26 4.52731e-05
7 27 4.57161e-05
7 28 2.87847e-05
7 29 4.56382e-05
7 30 3.49184e-05
7 31 1.0701e-06
7 32 1.12e-08
7 33 3.1047e-06
7 34 3.56555e-05
7 35 3.0824e-05
7 38 2.407e-07
7 39 1.19967e-05
7 40 4.2999e-05
8 1 0.00028741
8 2 0.000148801
8 3 8.07848e-05
8 4 7.3507e-05
8 5 0.000107365
8 6 0.000169002
8 7 6.85346e-05
8 8 4.93822e-05
8 9 5.70475e-05
8 10 0.000102345
8 11 5.9152e-05
8 12 1.80031e-05
8 13 2.03007e-05
8 14 6.12014e-05
8 15 8.65063e-05
8 18 2.03735e-05
8 19 5.46018e-05
8 20 0.000114797
8 21 6.75165e-05
8 22 0.000117081
8 23 5.75679e-05
8 24 6.64961e-05
8 25 5.16804e-05
8 26 4.70983e-05
8 27 4.77327e-05
8 28 3.16364e-05
8 29 5.50106e-05
8 30 4.79764e-05
8 31 1.1194e-06
8 32 1.17e-08
8 33 3.9058e-06
8 34 4.12046e-05
8 35 5.88782e-05
8 38 2.504e-07
8 39 3.29193e-05
8 40 5.0914e-05
11 1 2.04031e-05
11 2 1.4681e-06
11 3 1.9242e-06
11 4 6.3588e-06
11 5 8.8368e-06
11 6 6.99e-07
11 7 4.59e-07
11 8 1.1276e-06
11 9 4.5872e-06
11 10 2.60019e-05
11 11 1.206e-07
11 12 6e-10
11 13 2.738e-07
11 14 3.085e-06
11 15 6.179e-06
11 18 1.102e-07
11 19 1.7834e-06
11 20 2.28489e-05
11 21 5.65e-07
11 22 6.28e-07
11 23 1.3998e-06
11 24 5.3663e-06
11 25 5.4455e-06
11 26 1.507e-07
11 27 3.491e-07
11 28 1.1175e-06
11 29 4.0424e-06
11 30 5.1012e-06
11 31 5.5e-09
11 32 1e-10
11 33 3.293e-07
11 34 2.6341e-06
11 35 4.2406e-06
11 38 8e-10
11 39 1.3938e-06
11 40 3.1568e-06
12 1 4.38597e-05
12 2 4.5945e-06
12 3 8.2406e-06
12 4 3.18475e-05
12 5 7.94083e-05
12 6 2.03212e-05
12 7 1.5985e-06
12 8 5.0582e-06
12 9 2.08295e-05
12 10 7.23794e-05
12 11 5.619e-07
12 12 2.9e-09
12 13 1.016e-06
12 14 3.07766e-05
12 15 6.11969e-05
12 18 3.362e-07
12 19 6.7841e-06
12 20 5.53281e-05
12 21 1.8873e-06
12 22 2.3302e-06
12 23 6.1977e-06
12 24 2.68764e-05
12 25 2.71196e-05
12 26 6.734e-07
12 27 1.1708e-06
12 28 4.8464e-06
12 29 1.8897e-05
12 30 2.43712e-05
12 31 2.09e-08
12 32 2e-10
12 33 1.4461e-06
12 34 1.16822e-05
12 35 2.04123e-05
12 38 3.6e-09
12 39 5.6984e-06
12 40 3.23107e-05
13 1 2.1e-09
13 2 3e-10
13 3 1.27654e-05
13 4 0.000134302
13 5 0.000252489
13 6 1e-10
13 7 1e-10
13 8 6.7797e-06
13 9 6.83882e-05
13 10 0.00013113
13 13 3.366e-07
13 14 1.56239e-05
13 15 4.78386e-05
13 19 4.6021e-06
13 20 1.85633e-05
13 21 4.3e-09
13 22 4e-10
13 23 9.3913e-06
13 24 7.04611e-05
13 25 7.33663e-05
13 26 1e-10
13 27 1e-10
13 28 6.6595e-06
13 29 4.74554e-05
13 30 5.75521e-05
13 33 7.134e-07
13 34 1.41114e-05
13 35 2.4711e-05
13 39 3.5037e-06
13 40 1.38469e-05
14 1 3.1e-09
14 2 4e-10
14 3 8.2602e-06
14 4 9.48347e-05
14 5 0.000129826
14 6 1e-10
14 7 1e-10
14 8 4.9892e-06
14 9 4.15165e-05
14 10 9.54165e-05
14 13 4.93e-07
14 14 1.26129e-05
14 15 4.21487e-05
14 19 4.5308e-06
14 20 3.43272e-05
14 21 5.6e-09
14 22 5e-10
14 23 6.4934e-06
14 24 7.13601e-05
14 25 3.96387e-05
14 26 2e-10
14 27 1e-10
14 28 4.9722e-06
14 29 3.9747e-05
14 30 4.87157e-05
14 33 9.138e-07
14 34 1.1541e-05
14 35 3.88697e-05
14 39 4.0182e-06
14 40 1.31405e-05
15 1 9.7e-09
15 2 1.2e-09
15 3 1.97052e-05
15 4 0.00016888
15 5 0.000275864
15 6 4e-10
15 7 4e-10
15 8 1.25836e-05
15 9 0.000111025
15 10 0.000190093
15 11 1e-10
15 13 1.5622e-06
15 14 5.02401e-05
15 15 0.000134624
15 18 1e-10
15 19 1.28479e-05
15 20 0.000115981
15 21 1.66e-08
15 22 1.5e-09
15 23 1.6186e-05
15 24 0.000122599
15 25 0.000133263
15 26 5e-10
15 27 4e-10
15 28 1.23494e-05
15 29 9.03703e-05
15 30 0.00011237
15 31 1e-10
15 33 2.7263e-06
15 34 2.97645e-05
15 35 8.95263e-05
15 39 1.14938e-05
15 40 3.44179e-05
16 1 2.95e-08
16 2 3.4e-09
16 3 5.14302e-05
16 4 0.000259901
16 5 0.000347866
16 6 1.3e-09
16 7 1.2e-09
16 8 2.39961e-05
16 9 0.000201643
16 10 0.000314941
16 11 2e-10
16 13 4.7765e-06
16 14 0.000141704
16 15 0.000315796
16 18 2e-10
16 19 0.000103471
16 20 0.000282513
16 21 4.52e-08
16 22 4.3e-09
16 23 2.80866e-05
16 24 0.000207698
16 25 0.000190207
16 26 1.5e-09
16 27 1.2e-09
16 28 2.33669e-05
16 29 0.000179356
16 30 0.000187618
16 31 3e-10
16 33 7.4276e-06
16 34 0.00013773
16 35 0.000194672
16 39 6.76134e-05
16 40 0.00017734
17 1 1.93e-08
17 2 2.4e-09
17 3 0.000161265
17 4 0.000790261
17 5 0.00119834
17 6 9e-10
17 7 8e-10
17 8 7.67754e-05
17 9 0.00037615
17 10 0.000701661
17 11 1e-10
17 13 3.0992e-06
17 14 0.000170112
17 15 0.00031436
17 18 1e-10
17 19 4.93729e-05
17 20 0.000177101
17 21 3.64e-08
17 22 3.3e-09
17 23 0.000111398
17 24 0.000609334
17 25 0.000587653
17 26 1.2e-09
17 27 9e-10
17 28 7.64033e-05
17 29 0.000331953
17 30 0.00039526
17 31 2e-10
17 33 5.9924e-06
17 34 0.000146421
17 35 0.000242729
17 39 2.93241e-05
17 40 0.000121267
18 1 2.79e-08
18 2 3.3e-09
18 3 0.000138288
18 4 0.000621244
18 5 0.000957469
18 6 1.3e-09
18 7 1.2e-09
18 8 7.66047e-05
18 9 0.000371709
18 10 0.000709483
18 11 2e-10
18 13 4.4924e-06
18 14 0.000193208
18 15 0.00037884
18 18 2e-10
18 19 5.52541e-05
18 20 0.000263018
18 21 4.78e-08
18 22 4.4e-09
18 23 9.01087e-05
18 24 0.000516069
18 25 0.000489222
18 26 1.6e-09
18 27 1.3e-09
18 28 7.60437e-05
18 29 0.00029251
18 30 0.000408354
18 31 3e-10
18 33 7.8665e-06
18 34 0.000169372
18 35 0.000270836
18 39 3.60309e-05
18 40 0.000169487
19 1 4.77e-08
19 2 8.5e-09
19 3 0.000131808
19 4 0.000643094
19 5 0.000895639
19 6 2.8e-09
19 7 3.1e-09
19 8 0.000105257
19 9 0.000438612
19 10 0.000822647
19 11 3e-10
19 13 7.3214e-06
19 14 0.000265192
19 15 0.000610869
19 18 3e-10
19 19 0.000127662
19 20 0.000428719
19 21 1.832e-07
19 22 1.53e-08
19 23 0.00010132
19 24 0.000556859
19 25 0.000540258
19 26 5.6e-09
19 27 3.9e-09
19 28 8.66109e-05
19 29 0.000394982
19 30 0.000499829
19 31 1.1e-09
19 33 3.04139e-05
19 34 0.000240331
19 35 0.000428239
19 39 9.17924e-05
19 40 0.000276141
20 1 2.844e-07
20 2 2.94e-08
20 3 0.000116655
20 4 0.000571218
20 5 0.000703703
20 6 1.17e-08
20 7 1e-08
20 8 0.000111656
20 9 0.000468554
20 10 0.000811082
20 11 1.7e-09
20 13 4.63854e-05
20 14 0.000384367
20 15 0.000759583
20 18 1.5e-09
20 19 0.000236565
20 20 0.000662172
20 21 3.25e-07
20 22 3.28e-08
20 23 0.000105715
20 24 0.000488968
20 25 0.00053033
20 26 1.12e-08
20 27 1.02e-08
20 28 0.000110408
20 29 0.000444225
20 30 0.000544546
20 31 1.9e-09
20 33 5.30275e-05
20 34 0.000322901
20 35 0.00051932
20 38 1e-10
20 39 0.000202276
20 40 0.000396223
21 1 8.23041e-05
21 2 0.000116342
21 3 9.18572e-05
21 4 2.12553e-05
21 5 2.00254e-05
21 6 2.74606e-05
21 7 4.58702e-05
21 8 4.68299e-05
21 9 1.52099e-05
21 10 2.01708e-05
21 11 8.828e-07
21 12 4.6e-09
21 13 1.0483e-06
21 14 1.07647e-05
21 15 1.61896e-05
21 18 5.746e-07
21 19 5.848e-06
21 20 1.38231e-05
21 21 0.000519382
21 22 0.000300298
21 23 0.000111804
21 24 2.38049e-05
21 25 3.13061e-05
21 26 0.000113348
21 27 6.69598e-05
21 28 4.69821e-05
21 29 1.7507e-05
21 30 7.00936e-05
21 31 2.28734e-05
21 32 2.388e-07
21 33 1.8419e-06
21 34 1.20635e-05
21 35 4.52497e-05
21 38 7.075e-07
21 39 3.03191e-05
21 40 6.1937e-05
22 1 0.000139313
22 2 0.000187513
22 3 0.000123327
22 4 6.54572e-05
22 5 4.7359e-05
22 6 7.12085e-05
22 7 7.05679e-05
22 8 7.25648e-05
22 9 5.16221e-05
22 10 4.59968e-05
22 11 1.892e-06
22 12 9.8e-09
22 13 2.2831e-06
22 14 4.12165e-05
22 15 3.727e-05
22 18 1.1032e-06
22 19 3.11212e-05
22 20 4.96619e-05
22 21 0.000614138
22 22 0.000325198
22 23 0.000125917
22 24 8.78173e-05
22 25 8.60558e-05
22 26 0.000254362
22 27 0.000110958
22 28 7.28432e-05
22 29 5.58096e-05
22 30 0.00010323
22 31 6.21832e-05
22 32 6.493e-07
22 33 2.16489e-05
22 34 6.11402e-05
22 35 9.02085e-05
22 38 1.93399e-05
22 39 9.48409e-05
22 40 0.000103445
23 1 0.000198926
23 2 0.000261114
23 3 0.000132329
23 4 6.12187e-05
23 5 4.3616e-05
23 6 0.000116426
23 7 0.000131517
23 8 7.68088e-05
23 9 3.19356e-05
23 10 4.28678e-05
23 11 2.9388e-06
23 12 1.53e-08
23 13 2.03338e-05
23 14 4.05908e-05
23 15 5.28783e-05
23 18 1.653e-06
23 19 3.29799e-05
23 20 3.1602e-05
23 21 0.000658829
23 22 0.000404281
23 23 0.000152207
23 24 6.54318e-05
23 25 7.47593e-05
23 26 0.00041675
23 27 0.000173825
23 28 7.71803e-05
23 29 5.25745e-05
23 30 6.13686e-05
23 31 0.000120022
23 32 3.68297e-05
23 33 4.9236e-06
23 34 2.50208e-05
23 35 8.75661e-05
23 38 2.04836e-05
23 39 6.3264e-05
23 40 0.000104134
24 1 7.95959e-05
24 2 0.000147349
24 3 8.6962e-05
24 4 8.19023e-05
24 5 6.40243e-05
24 6 7.1566e-05
24 7 8.69948e-05
24 8 5.5285e-05
24 9 8.06184e-05
24 10 6.08878e-05
24 11 1.98432e-05
24 12 1.031e-07
24 13 2.07643e-05
24 14 6.66898e-05
24 15 4.9915e-05
24 18 8.881e-07
24 19 5.17113e-05
24 20 5.93688e-05
24 21 0.000396616
24 22 0.000224411
24 23 8.9167e-05
24 24 0.000106014
24 25 0.000127375
24 26 0.000253918
24 27 9.15341e-05
24 28 7.35617e-05
24 29 8.61982e-05
24 30 0.000121867
24 31 9.77328e-05
24 32 3.6597e-05
24 33 4.02813e-05
24 34 8.73614e-05
24 35 0.000124703
24 38 3.72181e-05
24 39 0.000116591
24 40 0.00015139
25 1 1.7098e-06
25 2 2.4169e-06
25 3 1.9082e-06
25 4 4.416e-07
25 5 4.16e-07
25 6 5.705e-07
25 7 9.529e-07
25 8 9.728e-07
25 9 3.16e-07
25 10 4.19e-07
25 11 1.83e-08
25 12 1e-10
25 13 2.18e-08
25 14 2.236e-07
25 15 3.363e-07
25 18 1.19e-08
25 19 1.215e-07
25 20 2.872e-07
25 21 8.15732e-05
25 22 6.2384e-06
25 23 2.3226e-06
25 24 4.945e-07
25 25 6.504e-07
25 26 2.3547e-06
25 27 1.391e-06
25 28 9.76e-07
25 29 3.637e-07
25 30 1.4561e-06
25 31 4.752e-07
25 32 5e-09
25 33 3.83e-08
25 34 2.506e-07
25 35 9.4e-07
25 38 1.47e-08
25 39 6.298e-07
25 40 1.2867e-06
26 1 4.764e-06
26 2 6.5849e-06
26 3 6.6298e-06
26 4 1.13388e-05
26 5 1.05276e-05
26 6 1.9742e-06
26 7 2.5438e-06
26 8 4.0493e-06
26 9 8.0407e-06
26 10 1.02521e-05
26 11 5.73e-08
26 12 3e-10
26 13 4.018e-07
26 14 5.668e-06
26 15 8.2145e-06
26 18 3.53e-08
26 19 2.4116e-06
26 20 6.7155e-06
26 21 0.000133203
26 22 6.76114e-05
26 23 7.5771e-06
26 24 1.2989e-05
26 25 1.73715e-05
26 26 6.06214e-05
26 27 3.8371e-06
26 28 4.1719e-06
26 29 9.308e-06
26 30 3.52429e-05
26 31 1.6891e-06
26 32 1.76e-08
26 33 9.16e-07
26 34 6.5e-06
26 35 3.18148e-05
26 38 3.236e-07
26 39 2.32395e-05
26 40 3.01335e-05
27 1 6.22469e-05
27 2 0.000112687
27 3 5.52882e-05
27 4 3.42873e-05
27 5 3.28522e-05
27 6 4.52942e-05
27 7 4.45237e-05
27 8 1.15498e-05
27 9 4.16131e-05
27 10 3.1388e-05
27 11 1.0621e-06
27 12 5.5e-09
27 13 1.4756e-06
27 14 3.40373e-05
27 15 2.47797e-05
27 18 5.64e-07
27 19 8.1306e-06
27 20 2.06067e-05
27 21 0.000282482
27 22 0.000146023
27 23 7.45492e-05
27 24 5.66729e-05
27 25 6.93523e-05
27 26 0.000164309
27 27 6.49179e-05
27 28 2.95992e-05
27 29 4.51505e-05
27 30 8.45149e-05
27 31 2.25184e-05
27 32 1.80234e-05
27 33 2.7347e-06
27 34 3.60576e-05
27 35 7.4815e-05
27 38 9.703e-07
27 39 5.10859e-05
27 40 8.75487e-05
28 1 6.40152e-05
28 2 9.7706e-05
28 3 5.83885e-05
28 4 6.08295e-05
28 5 4.32208e-05
28 6 4.64998e-05
28 7 4.58933e-05
28 8 3.11544e-05
28 9 4.70188e-05
28 10 4.00099e-05
28 11 1.091e-06
28 12 5.7e-09
28 13 1.7753e-06
28 14 1.96518e-05
28 15 4.90203e-05
28 18 5.796e-07
28 19 2.75286e-05
28 20 2.5292e-05
28 21 0.000290076
28 22 0.000167976
28 23 7.76829e-05
28 24 6.56249e-05
28 25 9.86472e-05
28 26 0.000168756
28 27 6.67337e-05
28 28 4.91126e-05
28 29 3.33694e-05
28 30 9.30882e-05
28 31 5.91645e-05
28 32 1.8406e-05
28 33 2.07219e-05
28 34 5.72648e-05
28 35 8.11116e-05
28 38 1.88796e-05
28 39 5.29337e-05
28 40 9.27938e-05
31 1 4.291e-07
31 2 6.044e-07
31 3 1.5684e-06
31 4 5.7235e-06
31 5 5.3539e-06
31 6 1.427e-07
31 7 2.383e-07
31 8 1.121e-06
31 9 3.8938e-06
31 10 5.2795e-06
31 11 4.6e-09
31 13 2.75e-07
31 14 2.763e-06
31 15 4.1463e-06
31 18 3e-09
31 19 1.0141e-06
31 20 3.1956e-06
31 21 2.03953e-05
31 22 1.5598e-06
31 23 1.6722e-06
31 24 6.3241e-06
31 25 8.7411e-06
31 26 5.887e-07
31 27 3.478e-07
31 28 1.1342e-06
31 29 4.5869e-06
31 30 2.58153e-05
31 31 1.188e-07
31 32 1.2e-09
31 33 3.337e-07
31 34 3.1108e-06
31 35 6.6782e-06
31 38 3.7e-09
31 39 1.9899e-06
31 40 2.31499e-05
32 1 1.584e-06
32 2 2.1829e-06
32 3 7.0187e-06
32 4 2.72961e-05
32 5 2.67267e-05
32 6 6.553e-07
32 7 8.432e-07
32 8 4.955e-06
32 9 1.81992e-05
32 10 2.50306e-05
32 11 1.9e-08
32 12 1e-10
32 13 9.322e-07
32 14 1.19945e-05
32 15 1.95733e-05
32 18 1.17e-08
32 19 4.6351e-06
32 20 3.274e-05
32 21 4.39842e-05
32 22 4.8089e-06
32 23 7.7511e-06
32 24 3.1251e-05
32 25 7.89921e-05
32 26 2.01945e-05
32 27 1.272e-06
32 28 5.1789e-06
32 29 2.12425e-05
32 30 7.18364e-05
32 31 5.606e-07
32 32 5.9e-09
32 33 1.4614e-06
32 34 3.08619e-05
32 35 6.26618e-05
32 38 1.078e-07
32 39 7.6603e-06
32 40 5.63999e-05
33 1 2.3e-09
33 2 3e-10
33 3 1.1047e-05
33 4 8.84955e-05
33 5 7.34857e-05
33 6 1e-10
33 7 1e-10
33 8 6.7235e-06
33 9 4.63602e-05
33 10 5.86722e-05
33 13 3.695e-07
33 14 1.44519e-05
33 15 2.41308e-05
33 19 3.0776e-06
33 20 1.53202e-05
33 21 4.6e-09
33 22 4e-10
33 23 1.19828e-05
33 24 0.000134413
33 25 0.000253442
33 26 1e-10
33 27 1e-10
33 28 6.8604e-06
33 29 7.06363e-05
33 30 0.00013179
33 33 7.57e-07
33 34 1.59655e-05
33 35 5.04787e-05
33 39 5.7444e-06
33 40 2.02502e-05
34 1 3.4e-09
34 2 4e-10
34 3 7.8008e-06
34 4 5.61568e-05
34 5 4.06025e-05
34 6 2e-10
34 7 2e-10
34 8 5.3042e-06
34 9 4.06875e-05
34 10 5.11033e-05
34 13 5.508e-07
34 14 1.29865e-05
34 15 3.99041e-05
34 19 3.8193e-06
34 20 1.53564e-05
34 21 6.6e-09
34 22 6e-10
34 23 8.3446e-06
34 24 9.75502e-05
34 25 0.000134104
34 26 2e-10
34 27 2e-10
34 28 5.4342e-06
34 29 4.46625e-05
34 30 9.93414e-05
34 33 1.0953e-06
34 34 1.40835e-05
34 35 6.49346e-05
34 39 6.1746e-06
34 40 3.76723e-05
35 1 1.14e-08
35 2 1.3e-09
35 3 1.7947e-05
35 4 0.000142239
35 5 0.000134374
35 6 5e-10
35 7 5e-10
35 8 1.22319e-05
35 9 8.99949e-05
35 10 0.000116705
35 11 1e-10
35 13 1.8394e-06
35 14 3.1916e-05
35 15 9.07363e-05
35 18 1e-10
35 19 1.08205e-05
35 20 5.69251e-05
35 21 1.85e-08
35 22 1.7e-09
35 23 1.80378e-05
35 24 0.000150043
35 25 0.000254962
35 26 6e-10
35 27 5e-10
35 28 1.24908e-05
35 29 0.00011421
35 30 0.000189299
35 31 1e-10
35 33 3.0408e-06
35 34 6.94873e-05
35 35 0.000140583
35 39 1.59066e-05
35 40 0.000120163
36 1 2.72e-08
36 2 3.1e-09
36 3 3.19388e-05
36 4 0.000234271
36 5 0.000216682
36 6 1.2e-09
36 7 1.1e-09
36 8 2.30167e-05
36 9 0.000177647
36 10 0.000211655
36 11 2e-10
36 13 4.3926e-06
36 14 0.000137485
36 15 0.000187754
36 18 1e-10
36 19 6.13119e-05
36 20 0.000158491
36 21 4.22e-08
36 22 4e-09
36 23 4.98554e-05
36 24 0.000262083
36 25 0.000370779
36 26 1.4e-09
36 27 1.2e-09
36 28 2.36109e-05
36 29 0.000205406
36 30 0.00033079
36 31 2e-10
36 33 6.937e-06
36 34 0.000140522
36 35 0.000302159
36 39 0.00010672
36 40 0.000264401
37 1 2.29e-08
37 2 2.8e-09
37 3 0.000137137
37 4 0.000593432
37 5 0.000563449
37 6 1e-09
37 7 1e-09
37 8 7.69235e-05
37 9 0.000308315
37 10 0.000400651
37 11 1e-10
37 13 3.6818e-06
37 14 0.000150288
37 15 0.000240452
37 18 1e-10
37 19 2.69198e-05
37 20 0.000148378
37 21 4.05e-08
37 22 3.7e-09
37 23 0.000156057
37 24 0.000790292
37 25 0.00120449
37 26 1.3e-09
37 27 1.1e-09
37 28 7.74075e-05
37 29 0.000407206
37 30 0.000706804
37 31 2e-10
37 33 6.6633e-06
37 34 0.000174244
37 35 0.000333637
37 39 5.83099e-05
37 40 0.000206079
38 1 2.92e-08
38 2 3.5e-09
38 3 9.80195e-05
38 4 0.000524967
38 5 0.000492334
38 6 1.3e-09
38 7 1.2e-09
38 8 7.67029e-05
38 9 0.000290617
38 10 0.000418151
38 11 2e-10
38 13 4.7019e-06
38 14 0.000173855
38 15 0.000268279
38 18 2e-10
38 19 3.17968e-05
38 20 0.000177653
38 21 5.08e-08
38 22 4.7e-09
38 23 0.000116992
38 24 0.000607832
38 25 0.000968388
38 26 1.7e-09
38 27 1.3e-09
38 28 7.75754e-05
38 29 0.000385703
38 30 0.000718051
38 31 3e-10
38 33 8.361e-06
38 34 0.000197695
38 35 0.000436263
38 39 8.25157e-05
38 40 0.000275019
39 1 5.09e-08
39 2 8.9e-09
39 3 0.000107615
39 4 0.000542973
39 5 0.000536039
39 6 2.9e-09
39 7 3.2e-09
39 8 8.6045e-05
39 9 0.000388973
39 10 0.000505701
39 11 3e-10
39 13 7.8596e-06
39 14 0.000243707
39 15 0.000401788
39 18 3e-10
39 19 8.48001e-05
39 20 0.000300286
39 21 1.863e-07
39 22 1.56e-08
39 23 0.000143366
39 24 0.000637265
39 25 0.00087433
39 26 5.7e-09
39 27 4e-09
39 28 0.000104932
39 29 0.000447576
39 30 0.000819947
39 31 1.1e-09
39 33 3.09184e-05
39 34 0.000267558
39 35 0.000630818
39 39 0.000139519
39 40 0.000456391
40 1 2.894e-07
40 2 2.99e-08
40 3 0.000112125
40 4 0.000555825
40 5 0.000518528
40 6 1.19e-08
40 7 1.01e-08
40 8 9.2314e-05
40 9 0.000443913
40 10 0.000578237
40 11 1.7e-09
40 13 4.72022e-05
40 14 0.000347396
40 15 0.000513901
40 18 1.6e-09
40 19 0.000157625
40 20 0.00042384
40 21 3.313e-07
40 22 3.34e-08
40 23 9.31787e-05
40 24 0.000586055
40 25 0.000683398
40 26 1.14e-08
40 27 1.04e-08
40 28 9.38227e-05
40 29 0.000479994
40 30 0.000775238
40 31 2e-09
40 33 5.40488e-05
40 34 0.000389223
40 35 0.000804373
40 38 1e-10
40 39 0.000270313
40 40 0.000713195

