@3 ACT 2790778752 0x0 0 0 0 0 0 0 0 0	0
@19 READ 2790778753 0x0 0 0 0 0 0 0 0 0	0
@42 PRE 2790778754 0x200000 0 0 0 0 0 1 0 0	0
@58 ACT 2790778755 0x200000 0 0 0 0 0 1 0 0	0
@74 READ 2790778756 0x200000 0 0 0 0 0 1 0 0	0
@97 PRE 2790778757 0x400000 0 0 0 0 0 2 0 0	0
@113 ACT 2790778758 0x400000 0 0 0 0 0 2 0 0	0
@129 READ 2790778759 0x400000 0 0 0 0 0 2 0 0	0
@152 PRE 2790778760 0x600000 0 0 0 0 0 3 0 0	0
@168 ACT 2790778761 0x600000 0 0 0 0 0 3 0 0	0
@184 READ 2790778762 0x600000 0 0 0 0 0 3 0 0	0
@207 PRE 2790778763 0x800000 0 0 0 0 0 4 0 0	0
@223 ACT 2790778764 0x800000 0 0 0 0 0 4 0 0	0
@239 READ 2790778765 0x800000 0 0 0 0 0 4 0 0	0
@262 PRE 2790778766 0x1000000 0 0 0 0 0 8 0 0	0
@278 ACT 2790778767 0x1000000 0 0 0 0 0 8 0 0	0
@294 READ 2790778768 0x1000000 0 0 0 0 0 8 0 0	0
@317 PRE 2790778769 0x1200000 0 0 0 0 0 9 0 0	0
@333 ACT 2790778770 0x1200000 0 0 0 0 0 9 0 0	0
@349 READ 2790778771 0x1200000 0 0 0 0 0 9 0 0	0
@372 PRE 2790778772 0x1400000 0 0 0 0 0 10 0 0	0
@388 ACT 2790778773 0x1400000 0 0 0 0 0 10 0 0	0
@404 READ 2790778774 0x1400000 0 0 0 0 0 10 0 0	0
@427 PRE 2790778775 0x1600000 0 0 0 0 0 11 0 0	0
@443 ACT 2790778776 0x1600000 0 0 0 0 0 11 0 0	0
@459 READ 2790778777 0x1600000 0 0 0 0 0 11 0 0	0
@482 PRE 2790778778 0x1800000 0 0 0 0 0 12 0 0	0
@498 ACT 2790778779 0x1800000 0 0 0 0 0 12 0 0	0
@514 READ 2790778780 0x1800000 0 0 0 0 0 12 0 0	0
@537 PRE 2790778781 0x2000000 0 0 0 0 0 16 0 0	0
@553 ACT 2790778782 0x2000000 0 0 0 0 0 16 0 0	0
@569 READ 2790778783 0x2000000 0 0 0 0 0 16 0 0	0
@592 PRE 2790778784 0x2200000 0 0 0 0 0 17 0 0	0
@608 ACT 2790778785 0x2200000 0 0 0 0 0 17 0 0	0
@624 READ 2790778786 0x2200000 0 0 0 0 0 17 0 0	0
@647 PRE 2790778787 0x2400000 0 0 0 0 0 18 0 0	0
@663 ACT 2790778788 0x2400000 0 0 0 0 0 18 0 0	0
@679 READ 2790778789 0x2400000 0 0 0 0 0 18 0 0	0
@702 PRE 2790778790 0x2600000 0 0 0 0 0 19 0 0	0
@718 ACT 2790778791 0x2600000 0 0 0 0 0 19 0 0	0
@734 READ 2790778792 0x2600000 0 0 0 0 0 19 0 0	0
@757 PRE 2790778793 0x2800000 0 0 0 0 0 20 0 0	0
@773 ACT 2790778794 0x2800000 0 0 0 0 0 20 0 0	0
@789 READ 2790778795 0x2800000 0 0 0 0 0 20 0 0	0
@812 PRE 2790778796 0x3000000 0 0 0 0 0 24 0 0	0
@828 ACT 2790778797 0x3000000 0 0 0 0 0 24 0 0	0
@844 READ 2790778798 0x3000000 0 0 0 0 0 24 0 0	0
@867 PRE 2790778799 0x3200000 0 0 0 0 0 25 0 0	0
@883 ACT 2790778800 0x3200000 0 0 0 0 0 25 0 0	0
@899 READ 2790778801 0x3200000 0 0 0 0 0 25 0 0	0
@922 PRE 2790778802 0x3400000 0 0 0 0 0 26 0 0	0
@938 ACT 2790778803 0x3400000 0 0 0 0 0 26 0 0	0
@954 READ 2790778804 0x3400000 0 0 0 0 0 26 0 0	0
@977 PRE 2790778805 0x3600000 0 0 0 0 0 27 0 0	0
@993 ACT 2790778806 0x3600000 0 0 0 0 0 27 0 0	0
@1009 READ 2790778807 0x3600000 0 0 0 0 0 27 0 0	0
@1032 PRE 2790778808 0x3800000 0 0 0 0 0 28 0 0	0
@1048 ACT 2790778809 0x3800000 0 0 0 0 0 28 0 0	0
@1064 READ 2790778810 0x3800000 0 0 0 0 0 28 0 0	0
@1087 PRE 2790778811 0x4000000 0 0 0 0 0 32 0 0	0
@1103 ACT 2790778812 0x4000000 0 0 0 0 0 32 0 0	0
@1119 READ 2790778813 0x4000000 0 0 0 0 0 32 0 0	0
@1142 PRE 2790778814 0x4200000 0 0 0 0 0 33 0 0	0
@1158 ACT 2790778815 0x4200000 0 0 0 0 0 33 0 0	0
@1174 READ 2790778816 0x4200000 0 0 0 0 0 33 0 0	0
@1197 PRE 2790778817 0x4400000 0 0 0 0 0 34 0 0	0
@1213 ACT 2790778818 0x4400000 0 0 0 0 0 34 0 0	0
@1229 READ 2790778819 0x4400000 0 0 0 0 0 34 0 0	0
@1252 PRE 2790778820 0x4600000 0 0 0 0 0 35 0 0	0
@1268 ACT 2790778821 0x4600000 0 0 0 0 0 35 0 0	0
@1284 READ 2790778822 0x4600000 0 0 0 0 0 35 0 0	0
@1307 PRE 2790778823 0x4800000 0 0 0 0 0 36 0 0	0
@1323 ACT 2790778824 0x4800000 0 0 0 0 0 36 0 0	0
@1339 READ 2790778825 0x4800000 0 0 0 0 0 36 0 0	0
@1362 PRE 2790778826 0x5000000 0 0 0 0 0 40 0 0	0
@1378 ACT 2790778827 0x5000000 0 0 0 0 0 40 0 0	0
@1394 READ 2790778828 0x5000000 0 0 0 0 0 40 0 0	0
@1417 PRE 2790778829 0x5200000 0 0 0 0 0 41 0 0	0
@1433 ACT 2790778830 0x5200000 0 0 0 0 0 41 0 0	0
@1449 READ 2790778831 0x5200000 0 0 0 0 0 41 0 0	0
@1472 PRE 2790778832 0x5400000 0 0 0 0 0 42 0 0	0
@1488 ACT 2790778833 0x5400000 0 0 0 0 0 42 0 0	0
@1504 READ 2790778834 0x5400000 0 0 0 0 0 42 0 0	0
@1527 PRE 2790778835 0x5600000 0 0 0 0 0 43 0 0	0
@1543 ACT 2790778836 0x5600000 0 0 0 0 0 43 0 0	0
@1559 READ 2790778837 0x5600000 0 0 0 0 0 43 0 0	0
@1582 PRE 2790778838 0x5800000 0 0 0 0 0 44 0 0	0
@1598 ACT 2790778839 0x5800000 0 0 0 0 0 44 0 0	0
@1614 READ 2790778840 0x5800000 0 0 0 0 0 44 0 0	0
@1637 PRE 2790778841 0x6000000 0 0 0 0 0 48 0 0	0
@1653 ACT 2790778842 0x6000000 0 0 0 0 0 48 0 0	0
@1669 READ 2790778843 0x6000000 0 0 0 0 0 48 0 0	0
@1692 PRE 2790778844 0x6200000 0 0 0 0 0 49 0 0	0
@1708 ACT 2790778845 0x6200000 0 0 0 0 0 49 0 0	0
@1724 READ 2790778846 0x6200000 0 0 0 0 0 49 0 0	0
@1747 PRE 2790778847 0x6400000 0 0 0 0 0 50 0 0	0
@1763 ACT 2790778848 0x6400000 0 0 0 0 0 50 0 0	0
@1779 READ 2790778849 0x6400000 0 0 0 0 0 50 0 0	0
@1802 PRE 2790778850 0x6600000 0 0 0 0 0 51 0 0	0
@1818 ACT 2790778851 0x6600000 0 0 0 0 0 51 0 0	0
@1834 READ 2790778852 0x6600000 0 0 0 0 0 51 0 0	0
@1857 PRE 2790778853 0x6800000 0 0 0 0 0 52 0 0	0
@1873 ACT 2790778854 0x6800000 0 0 0 0 0 52 0 0	0
@1889 READ 2790778855 0x6800000 0 0 0 0 0 52 0 0	0
@1912 PRE 2790778856 0x7000000 0 0 0 0 0 56 0 0	0
@1928 ACT 2790778857 0x7000000 0 0 0 0 0 56 0 0	0
@1944 READ 2790778858 0x7000000 0 0 0 0 0 56 0 0	0
@1967 PRE 2790778859 0x7200000 0 0 0 0 0 57 0 0	0
@1983 ACT 2790778860 0x7200000 0 0 0 0 0 57 0 0	0
@1999 READ 2790778861 0x7200000 0 0 0 0 0 57 0 0	0
@2022 PRE 2790778862 0x7400000 0 0 0 0 0 58 0 0	0
@2038 ACT 2790778863 0x7400000 0 0 0 0 0 58 0 0	0
@2054 READ 2790778864 0x7400000 0 0 0 0 0 58 0 0	0
@2077 PRE 2790778865 0x7600000 0 0 0 0 0 59 0 0	0
@2093 ACT 2790778866 0x7600000 0 0 0 0 0 59 0 0	0
@2109 READ 2790778867 0x7600000 0 0 0 0 0 59 0 0	0
@2132 PRE 2790778868 0x7800000 0 0 0 0 0 60 0 0	0
@2148 ACT 2790778869 0x7800000 0 0 0 0 0 60 0 0	0
@2164 READ 2790778870 0x7800000 0 0 0 0 0 60 0 0	0
@2187 PRE 2790778871 0x0 0 0 0 0 0 0 0 0	0
@2203 ACT 2790778872 0x0 0 0 0 0 0 0 0 0	0
@2219 READ 2790778873 0x0 0 0 0 0 0 0 0 0	0
@2242 PRE 2790778874 0x200000 0 0 0 0 0 1 0 0	0
@2258 ACT 2790778875 0x200000 0 0 0 0 0 1 0 0	0
@2274 READ 2790778876 0x200000 0 0 0 0 0 1 0 0	0
@2297 PRE 2790778877 0x400000 0 0 0 0 0 2 0 0	0
@2313 ACT 2790778878 0x400000 0 0 0 0 0 2 0 0	0
@2329 READ 2790778879 0x400000 0 0 0 0 0 2 0 0	0
@2352 PRE 2790778880 0x600000 0 0 0 0 0 3 0 0	0
@2368 ACT 2790778881 0x600000 0 0 0 0 0 3 0 0	0
@2384 READ 2790778882 0x600000 0 0 0 0 0 3 0 0	0
@2407 PRE 2790778883 0x800000 0 0 0 0 0 4 0 0	0
@2423 ACT 2790778884 0x800000 0 0 0 0 0 4 0 0	0
@2439 READ 2790778885 0x800000 0 0 0 0 0 4 0 0	0
@2462 PRE 2790778886 0x1000000 0 0 0 0 0 8 0 0	0
@2478 ACT 2790778887 0x1000000 0 0 0 0 0 8 0 0	0
@2494 READ 2790778888 0x1000000 0 0 0 0 0 8 0 0	0
@2517 PRE 2790778889 0x1200000 0 0 0 0 0 9 0 0	0
@2533 ACT 2790778890 0x1200000 0 0 0 0 0 9 0 0	0
@2549 READ 2790778891 0x1200000 0 0 0 0 0 9 0 0	0
@2572 PRE 2790778892 0x1400000 0 0 0 0 0 10 0 0	0
@2588 ACT 2790778893 0x1400000 0 0 0 0 0 10 0 0	0
@2604 READ 2790778894 0x1400000 0 0 0 0 0 10 0 0	0
@2627 PRE 2790778895 0x1600000 0 0 0 0 0 11 0 0	0
@2643 ACT 2790778896 0x1600000 0 0 0 0 0 11 0 0	0
@2659 READ 2790778897 0x1600000 0 0 0 0 0 11 0 0	0
@2682 PRE 2790778898 0x1800000 0 0 0 0 0 12 0 0	0
@2698 ACT 2790778899 0x1800000 0 0 0 0 0 12 0 0	0
@2714 READ 2790778900 0x1800000 0 0 0 0 0 12 0 0	0
@2737 PRE 2790778901 0x2000000 0 0 0 0 0 16 0 0	0
@2753 ACT 2790778902 0x2000000 0 0 0 0 0 16 0 0	0
@2769 READ 2790778903 0x2000000 0 0 0 0 0 16 0 0	0
@2792 PRE 2790778904 0x2200000 0 0 0 0 0 17 0 0	0
@2808 ACT 2790778905 0x2200000 0 0 0 0 0 17 0 0	0
@2824 READ 2790778906 0x2200000 0 0 0 0 0 17 0 0	0
@2847 PRE 2790778907 0x2400000 0 0 0 0 0 18 0 0	0
@2863 ACT 2790778908 0x2400000 0 0 0 0 0 18 0 0	0
@2879 READ 2790778909 0x2400000 0 0 0 0 0 18 0 0	0
@2902 PRE 2790778910 0x2600000 0 0 0 0 0 19 0 0	0
@2918 ACT 2790778911 0x2600000 0 0 0 0 0 19 0 0	0
@2934 READ 2790778912 0x2600000 0 0 0 0 0 19 0 0	0
@2957 PRE 2790778913 0x2800000 0 0 0 0 0 20 0 0	0
@2973 ACT 2790778914 0x2800000 0 0 0 0 0 20 0 0	0
@2989 READ 2790778915 0x2800000 0 0 0 0 0 20 0 0	0
@3012 PRE 2790778916 0x3000000 0 0 0 0 0 24 0 0	0
@3028 ACT 2790778917 0x3000000 0 0 0 0 0 24 0 0	0
@3044 READ 2790778918 0x3000000 0 0 0 0 0 24 0 0	0
@3067 PRE 2790778919 0x3200000 0 0 0 0 0 25 0 0	0
@3083 ACT 2790778920 0x3200000 0 0 0 0 0 25 0 0	0
@3099 READ 2790778921 0x3200000 0 0 0 0 0 25 0 0	0
@3122 PRE 2790778922 0x3400000 0 0 0 0 0 26 0 0	0
@3138 ACT 2790778923 0x3400000 0 0 0 0 0 26 0 0	0
@3154 READ 2790778924 0x3400000 0 0 0 0 0 26 0 0	0
@3177 PRE 2790778925 0x3600000 0 0 0 0 0 27 0 0	0
@3193 ACT 2790778926 0x3600000 0 0 0 0 0 27 0 0	0
@3209 READ 2790778927 0x3600000 0 0 0 0 0 27 0 0	0
@3232 PRE 2790778928 0x3800000 0 0 0 0 0 28 0 0	0
@3248 ACT 2790778929 0x3800000 0 0 0 0 0 28 0 0	0
@3264 READ 2790778930 0x3800000 0 0 0 0 0 28 0 0	0
@3287 PRE 2790778931 0x4000000 0 0 0 0 0 32 0 0	0
@3303 ACT 2790778932 0x4000000 0 0 0 0 0 32 0 0	0
@3319 READ 2790778933 0x4000000 0 0 0 0 0 32 0 0	0
@3342 PRE 2790778934 0x4200000 0 0 0 0 0 33 0 0	0
@3358 ACT 2790778935 0x4200000 0 0 0 0 0 33 0 0	0
@3374 READ 2790778936 0x4200000 0 0 0 0 0 33 0 0	0
@3397 PRE 2790778937 0x4400000 0 0 0 0 0 34 0 0	0
@3413 ACT 2790778938 0x4400000 0 0 0 0 0 34 0 0	0
@3429 READ 2790778939 0x4400000 0 0 0 0 0 34 0 0	0
@3452 PRE 2790778940 0x4600000 0 0 0 0 0 35 0 0	0
@3468 ACT 2790778941 0x4600000 0 0 0 0 0 35 0 0	0
@3484 READ 2790778942 0x4600000 0 0 0 0 0 35 0 0	0
@3507 PRE 2790778943 0x4800000 0 0 0 0 0 36 0 0	0
@3523 ACT 2790778944 0x4800000 0 0 0 0 0 36 0 0	0
@3539 READ 2790778945 0x4800000 0 0 0 0 0 36 0 0	0
@3562 PRE 2790778946 0x5000000 0 0 0 0 0 40 0 0	0
@3578 ACT 2790778947 0x5000000 0 0 0 0 0 40 0 0	0
@3594 READ 2790778948 0x5000000 0 0 0 0 0 40 0 0	0
@3617 PRE 2790778949 0x5200000 0 0 0 0 0 41 0 0	0
@3633 ACT 2790778950 0x5200000 0 0 0 0 0 41 0 0	0
@3649 READ 2790778951 0x5200000 0 0 0 0 0 41 0 0	0
@3672 PRE 2790778952 0x5400000 0 0 0 0 0 42 0 0	0
@3688 ACT 2790778953 0x5400000 0 0 0 0 0 42 0 0	0
@3704 READ 2790778954 0x5400000 0 0 0 0 0 42 0 0	0
@3727 PRE 2790778955 0x5600000 0 0 0 0 0 43 0 0	0
@3743 ACT 2790778956 0x5600000 0 0 0 0 0 43 0 0	0
@3759 READ 2790778957 0x5600000 0 0 0 0 0 43 0 0	0
@3782 PRE 2790778958 0x5800000 0 0 0 0 0 44 0 0	0
@3798 ACT 2790778959 0x5800000 0 0 0 0 0 44 0 0	0
@3814 READ 2790778960 0x5800000 0 0 0 0 0 44 0 0	0
@3837 PRE 2790778961 0x6000000 0 0 0 0 0 48 0 0	0
@3853 ACT 2790778962 0x6000000 0 0 0 0 0 48 0 0	0
@3869 READ 2790778963 0x6000000 0 0 0 0 0 48 0 0	0
@3892 PRE 2790778964 0x6200000 0 0 0 0 0 49 0 0	0
@3908 ACT 2790778965 0x6200000 0 0 0 0 0 49 0 0	0
@3924 READ 2790778966 0x6200000 0 0 0 0 0 49 0 0	0
@3947 PRE 2790778967 0x6400000 0 0 0 0 0 50 0 0	0
@3963 ACT 2790778968 0x6400000 0 0 0 0 0 50 0 0	0
@3979 READ 2790778969 0x6400000 0 0 0 0 0 50 0 0	0
@4002 PRE 2790778970 0x6600000 0 0 0 0 0 51 0 0	0
@4018 ACT 2790778971 0x6600000 0 0 0 0 0 51 0 0	0
@4034 READ 2790778972 0x6600000 0 0 0 0 0 51 0 0	0
@4057 PRE 2790778973 0x6800000 0 0 0 0 0 52 0 0	0
@4073 ACT 2790778974 0x6800000 0 0 0 0 0 52 0 0	0
@4089 READ 2790778975 0x6800000 0 0 0 0 0 52 0 0	0
@4112 PRE 2790778976 0x7000000 0 0 0 0 0 56 0 0	0
@4128 ACT 2790778977 0x7000000 0 0 0 0 0 56 0 0	0
@4144 READ 2790778978 0x7000000 0 0 0 0 0 56 0 0	0
@4167 PRE 2790778979 0x7200000 0 0 0 0 0 57 0 0	0
@4183 ACT 2790778980 0x7200000 0 0 0 0 0 57 0 0	0
@4199 READ 2790778981 0x7200000 0 0 0 0 0 57 0 0	0
@4222 PRE 2790778982 0x7400000 0 0 0 0 0 58 0 0	0
@4238 ACT 2790778983 0x7400000 0 0 0 0 0 58 0 0	0
@4254 READ 2790778984 0x7400000 0 0 0 0 0 58 0 0	0
@4277 PRE 2790778985 0x7600000 0 0 0 0 0 59 0 0	0
@4293 ACT 2790778986 0x7600000 0 0 0 0 0 59 0 0	0
@4309 READ 2790778987 0x7600000 0 0 0 0 0 59 0 0	0
@4332 PRE 2790778988 0x7800000 0 0 0 0 0 60 0 0	0
@4348 ACT 2790778989 0x7800000 0 0 0 0 0 60 0 0	0
@4364 READ 2790778990 0x7800000 0 0 0 0 0 60 0 0	0
@4387 PRE 2790778991 0x0 0 0 0 0 0 0 0 0	0
@4403 ACT 2790778992 0x0 0 0 0 0 0 0 0 0	0
@4419 READ 2790778993 0x0 0 0 0 0 0 0 0 0	0
@4442 PRE 2790778994 0x200000 0 0 0 0 0 1 0 0	0
@4458 ACT 2790778995 0x200000 0 0 0 0 0 1 0 0	0
@4474 READ 2790778996 0x200000 0 0 0 0 0 1 0 0	0
@4497 PRE 2790778997 0x400000 0 0 0 0 0 2 0 0	0
@4513 ACT 2790778998 0x400000 0 0 0 0 0 2 0 0	0
@4529 READ 2790778999 0x400000 0 0 0 0 0 2 0 0	0
@4552 PRE 2790779000 0x600000 0 0 0 0 0 3 0 0	0
@4568 ACT 2790779001 0x600000 0 0 0 0 0 3 0 0	0
@4584 READ 2790779002 0x600000 0 0 0 0 0 3 0 0	0
@4607 PRE 2790779003 0x800000 0 0 0 0 0 4 0 0	0
@4623 ACT 2790779004 0x800000 0 0 0 0 0 4 0 0	0
@4639 READ 2790779005 0x800000 0 0 0 0 0 4 0 0	0
@4662 PRE 2790779006 0x1000000 0 0 0 0 0 8 0 0	0
@4678 ACT 2790779007 0x1000000 0 0 0 0 0 8 0 0	0
@4694 READ 2790779008 0x1000000 0 0 0 0 0 8 0 0	0
@4717 PRE 2790779009 0x1200000 0 0 0 0 0 9 0 0	0
@4733 ACT 2790779010 0x1200000 0 0 0 0 0 9 0 0	0
@4749 READ 2790779011 0x1200000 0 0 0 0 0 9 0 0	0
@4772 PRE 2790779012 0x1400000 0 0 0 0 0 10 0 0	0
@4788 ACT 2790779013 0x1400000 0 0 0 0 0 10 0 0	0
@4804 READ 2790779014 0x1400000 0 0 0 0 0 10 0 0	0
@4827 PRE 2790779015 0x1600000 0 0 0 0 0 11 0 0	0
@4843 ACT 2790779016 0x1600000 0 0 0 0 0 11 0 0	0
@4859 READ 2790779017 0x1600000 0 0 0 0 0 11 0 0	0
@4882 PRE 2790779018 0x1800000 0 0 0 0 0 12 0 0	0
@4898 ACT 2790779019 0x1800000 0 0 0 0 0 12 0 0	0
@4914 READ 2790779020 0x1800000 0 0 0 0 0 12 0 0	0
@4937 PRE 2790779021 0x2000000 0 0 0 0 0 16 0 0	0
@4953 ACT 2790779022 0x2000000 0 0 0 0 0 16 0 0	0
@4969 READ 2790779023 0x2000000 0 0 0 0 0 16 0 0	0
@4992 PRE 2790779024 0x2200000 0 0 0 0 0 17 0 0	0
@5008 ACT 2790779025 0x2200000 0 0 0 0 0 17 0 0	0
@5024 READ 2790779026 0x2200000 0 0 0 0 0 17 0 0	0
@5047 PRE 2790779027 0x2400000 0 0 0 0 0 18 0 0	0
@5063 ACT 2790779028 0x2400000 0 0 0 0 0 18 0 0	0
@5079 READ 2790779029 0x2400000 0 0 0 0 0 18 0 0	0
@5102 PRE 2790779030 0x2600000 0 0 0 0 0 19 0 0	0
@5118 ACT 2790779031 0x2600000 0 0 0 0 0 19 0 0	0
@5134 READ 2790779032 0x2600000 0 0 0 0 0 19 0 0	0
@5157 PRE 2790779033 0x2800000 0 0 0 0 0 20 0 0	0
@5173 ACT 2790779034 0x2800000 0 0 0 0 0 20 0 0	0
@5189 READ 2790779035 0x2800000 0 0 0 0 0 20 0 0	0
@5212 PRE 2790779036 0x3000000 0 0 0 0 0 24 0 0	0
@5228 ACT 2790779037 0x3000000 0 0 0 0 0 24 0 0	0
@5244 READ 2790779038 0x3000000 0 0 0 0 0 24 0 0	0
@5267 PRE 2790779039 0x3200000 0 0 0 0 0 25 0 0	0
@5283 ACT 2790779040 0x3200000 0 0 0 0 0 25 0 0	0
@5299 READ 2790779041 0x3200000 0 0 0 0 0 25 0 0	0
@5322 PRE 2790779042 0x3400000 0 0 0 0 0 26 0 0	0
@5338 ACT 2790779043 0x3400000 0 0 0 0 0 26 0 0	0
@5354 READ 2790779044 0x3400000 0 0 0 0 0 26 0 0	0
@5377 PRE 2790779045 0x3600000 0 0 0 0 0 27 0 0	0
@5393 ACT 2790779046 0x3600000 0 0 0 0 0 27 0 0	0
@5409 READ 2790779047 0x3600000 0 0 0 0 0 27 0 0	0
@5432 PRE 2790779048 0x3800000 0 0 0 0 0 28 0 0	0
@5448 ACT 2790779049 0x3800000 0 0 0 0 0 28 0 0	0
@5464 READ 2790779050 0x3800000 0 0 0 0 0 28 0 0	0
@5487 PRE 2790779051 0x4000000 0 0 0 0 0 32 0 0	0
@5503 ACT 2790779052 0x4000000 0 0 0 0 0 32 0 0	0
@5519 READ 2790779053 0x4000000 0 0 0 0 0 32 0 0	0
@5542 PRE 2790779054 0x4200000 0 0 0 0 0 33 0 0	0
@5558 ACT 2790779055 0x4200000 0 0 0 0 0 33 0 0	0
@5574 READ 2790779056 0x4200000 0 0 0 0 0 33 0 0	0
@5597 PRE 2790779057 0x4400000 0 0 0 0 0 34 0 0	0
@5613 ACT 2790779058 0x4400000 0 0 0 0 0 34 0 0	0
@5629 READ 2790779059 0x4400000 0 0 0 0 0 34 0 0	0
@5652 PRE 2790779060 0x4600000 0 0 0 0 0 35 0 0	0
@5668 ACT 2790779061 0x4600000 0 0 0 0 0 35 0 0	0
@5684 READ 2790779062 0x4600000 0 0 0 0 0 35 0 0	0
@5707 PRE 2790779063 0x4800000 0 0 0 0 0 36 0 0	0
@5723 ACT 2790779064 0x4800000 0 0 0 0 0 36 0 0	0
@5739 READ 2790779065 0x4800000 0 0 0 0 0 36 0 0	0
@5762 PRE 2790779066 0x5000000 0 0 0 0 0 40 0 0	0
@5778 ACT 2790779067 0x5000000 0 0 0 0 0 40 0 0	0
@5794 READ 2790779068 0x5000000 0 0 0 0 0 40 0 0	0
@5817 PRE 2790779069 0x5200000 0 0 0 0 0 41 0 0	0
@5833 ACT 2790779070 0x5200000 0 0 0 0 0 41 0 0	0
@5849 READ 2790779071 0x5200000 0 0 0 0 0 41 0 0	0
@5872 PRE 2790779072 0x5400000 0 0 0 0 0 42 0 0	0
@5888 ACT 2790779073 0x5400000 0 0 0 0 0 42 0 0	0
@5904 READ 2790779074 0x5400000 0 0 0 0 0 42 0 0	0
@5927 PRE 2790779075 0x5600000 0 0 0 0 0 43 0 0	0
@5943 ACT 2790779076 0x5600000 0 0 0 0 0 43 0 0	0
@5959 READ 2790779077 0x5600000 0 0 0 0 0 43 0 0	0
@5982 PRE 2790779078 0x5800000 0 0 0 0 0 44 0 0	0
@5998 ACT 2790779079 0x5800000 0 0 0 0 0 44 0 0	0
@6014 READ 2790779080 0x5800000 0 0 0 0 0 44 0 0	0
@6037 PRE 2790779081 0x6000000 0 0 0 0 0 48 0 0	0
@6053 ACT 2790779082 0x6000000 0 0 0 0 0 48 0 0	0
@6069 READ 2790779083 0x6000000 0 0 0 0 0 48 0 0	0
@6092 PRE 2790779084 0x6200000 0 0 0 0 0 49 0 0	0
@6108 ACT 2790779085 0x6200000 0 0 0 0 0 49 0 0	0
@6124 READ 2790779086 0x6200000 0 0 0 0 0 49 0 0	0
@6147 PRE 2790779087 0x6400000 0 0 0 0 0 50 0 0	0
@6163 ACT 2790779088 0x6400000 0 0 0 0 0 50 0 0	0
@6179 READ 2790779089 0x6400000 0 0 0 0 0 50 0 0	0
@6202 PRE 2790779090 0x6600000 0 0 0 0 0 51 0 0	0
@6218 ACT 2790779091 0x6600000 0 0 0 0 0 51 0 0	0
@6234 READ 2790779092 0x6600000 0 0 0 0 0 51 0 0	0
@6257 PRE 2790779093 0x6800000 0 0 0 0 0 52 0 0	0
@6273 ACT 2790779094 0x6800000 0 0 0 0 0 52 0 0	0
@6289 READ 2790779095 0x6800000 0 0 0 0 0 52 0 0	0
@6312 PRE 2790779096 0x7000000 0 0 0 0 0 56 0 0	0
@6328 ACT 2790779097 0x7000000 0 0 0 0 0 56 0 0	0
@6344 READ 2790779098 0x7000000 0 0 0 0 0 56 0 0	0
@6367 PRE 2790779099 0x7200000 0 0 0 0 0 57 0 0	0
@6383 ACT 2790779100 0x7200000 0 0 0 0 0 57 0 0	0
@6399 READ 2790779101 0x7200000 0 0 0 0 0 57 0 0	0
@6422 PRE 2790779102 0x7400000 0 0 0 0 0 58 0 0	0
@6438 ACT 2790779103 0x7400000 0 0 0 0 0 58 0 0	0
@6454 READ 2790779104 0x7400000 0 0 0 0 0 58 0 0	0
@6477 PRE 2790779105 0x7600000 0 0 0 0 0 59 0 0	0
@6493 ACT 2790779106 0x7600000 0 0 0 0 0 59 0 0	0
@6509 READ 2790779107 0x7600000 0 0 0 0 0 59 0 0	0
@6532 PRE 2790779108 0x7800000 0 0 0 0 0 60 0 0	0
@6548 ACT 2790779109 0x7800000 0 0 0 0 0 60 0 0	0
@6564 READ 2790779110 0x7800000 0 0 0 0 0 60 0 0	0
@6587 PRE 2790779111 0x0 0 0 0 0 0 0 0 0	0
@6603 ACT 2790779112 0x0 0 0 0 0 0 0 0 0	0
@6619 READ 2790779113 0x0 0 0 0 0 0 0 0 0	0
@6642 PRE 2790779114 0x200000 0 0 0 0 0 1 0 0	0
@6658 ACT 2790779115 0x200000 0 0 0 0 0 1 0 0	0
@6674 READ 2790779116 0x200000 0 0 0 0 0 1 0 0	0
@6697 PRE 2790779117 0x400000 0 0 0 0 0 2 0 0	0
@6713 ACT 2790779118 0x400000 0 0 0 0 0 2 0 0	0
@6729 READ 2790779119 0x400000 0 0 0 0 0 2 0 0	0
@6752 PRE 2790779120 0x600000 0 0 0 0 0 3 0 0	0
@6768 ACT 2790779121 0x600000 0 0 0 0 0 3 0 0	0
@6784 READ 2790779122 0x600000 0 0 0 0 0 3 0 0	0
@6807 PRE 2790779123 0x800000 0 0 0 0 0 4 0 0	0
@6823 ACT 2790779124 0x800000 0 0 0 0 0 4 0 0	0
@6839 READ 2790779125 0x800000 0 0 0 0 0 4 0 0	0
@6862 PRE 2790779126 0x1000000 0 0 0 0 0 8 0 0	0
@6878 ACT 2790779127 0x1000000 0 0 0 0 0 8 0 0	0
@6894 READ 2790779128 0x1000000 0 0 0 0 0 8 0 0	0
@6917 PRE 2790779129 0x1200000 0 0 0 0 0 9 0 0	0
@6933 ACT 2790779130 0x1200000 0 0 0 0 0 9 0 0	0
@6949 READ 2790779131 0x1200000 0 0 0 0 0 9 0 0	0
@6972 PRE 2790779132 0x1400000 0 0 0 0 0 10 0 0	0
@6988 ACT 2790779133 0x1400000 0 0 0 0 0 10 0 0	0
@7004 READ 2790779134 0x1400000 0 0 0 0 0 10 0 0	0
@7027 PRE 2790779135 0x1600000 0 0 0 0 0 11 0 0	0
@7043 ACT 2790779136 0x1600000 0 0 0 0 0 11 0 0	0
@7059 READ 2790779137 0x1600000 0 0 0 0 0 11 0 0	0
@7082 PRE 2790779138 0x1800000 0 0 0 0 0 12 0 0	0
@7098 ACT 2790779139 0x1800000 0 0 0 0 0 12 0 0	0
@7114 READ 2790779140 0x1800000 0 0 0 0 0 12 0 0	0
@7137 PRE 2790779141 0x2000000 0 0 0 0 0 16 0 0	0
@7153 ACT 2790779142 0x2000000 0 0 0 0 0 16 0 0	0
@7169 READ 2790779143 0x2000000 0 0 0 0 0 16 0 0	0
@7192 PRE 2790779144 0x2200000 0 0 0 0 0 17 0 0	0
@7208 ACT 2790779145 0x2200000 0 0 0 0 0 17 0 0	0
@7224 READ 2790779146 0x2200000 0 0 0 0 0 17 0 0	0
@7247 PRE 2790779147 0x2400000 0 0 0 0 0 18 0 0	0
@7263 ACT 2790779148 0x2400000 0 0 0 0 0 18 0 0	0
@7279 READ 2790779149 0x2400000 0 0 0 0 0 18 0 0	0
@7302 PRE 2790779150 0x2600000 0 0 0 0 0 19 0 0	0
@7318 ACT 2790779151 0x2600000 0 0 0 0 0 19 0 0	0
@7334 READ 2790779152 0x2600000 0 0 0 0 0 19 0 0	0
@7357 PRE 2790779153 0x2800000 0 0 0 0 0 20 0 0	0
@7373 ACT 2790779154 0x2800000 0 0 0 0 0 20 0 0	0
@7389 READ 2790779155 0x2800000 0 0 0 0 0 20 0 0	0
@7412 PRE 2790779156 0x3000000 0 0 0 0 0 24 0 0	0
@7428 ACT 2790779157 0x3000000 0 0 0 0 0 24 0 0	0
@7444 READ 2790779158 0x3000000 0 0 0 0 0 24 0 0	0
@7467 PRE 2790779159 0x3200000 0 0 0 0 0 25 0 0	0
@7483 ACT 2790779160 0x3200000 0 0 0 0 0 25 0 0	0
@7499 READ 2790779161 0x3200000 0 0 0 0 0 25 0 0	0
@7522 PRE 2790779162 0x3400000 0 0 0 0 0 26 0 0	0
@7538 ACT 2790779163 0x3400000 0 0 0 0 0 26 0 0	0
@7554 READ 2790779164 0x3400000 0 0 0 0 0 26 0 0	0
@7577 PRE 2790779165 0x3600000 0 0 0 0 0 27 0 0	0
@7593 ACT 2790779166 0x3600000 0 0 0 0 0 27 0 0	0
@7609 READ 2790779167 0x3600000 0 0 0 0 0 27 0 0	0
@7632 PRE 2790779168 0x3800000 0 0 0 0 0 28 0 0	0
@7648 ACT 2790779169 0x3800000 0 0 0 0 0 28 0 0	0
@7664 READ 2790779170 0x3800000 0 0 0 0 0 28 0 0	0
@7687 PRE 2790779171 0x4000000 0 0 0 0 0 32 0 0	0
@7703 ACT 2790779172 0x4000000 0 0 0 0 0 32 0 0	0
@7719 READ 2790779173 0x4000000 0 0 0 0 0 32 0 0	0
@7742 PRE 2790779174 0x4200000 0 0 0 0 0 33 0 0	0
@7758 ACT 2790779175 0x4200000 0 0 0 0 0 33 0 0	0
@7774 READ 2790779176 0x4200000 0 0 0 0 0 33 0 0	0
@7797 PRE 2790779177 0x4400000 0 0 0 0 0 34 0 0	0
@7813 ACT 2790779178 0x4400000 0 0 0 0 0 34 0 0	0
@7829 READ 2790779179 0x4400000 0 0 0 0 0 34 0 0	0
@7852 PRE 2790779180 0x4600000 0 0 0 0 0 35 0 0	0
@7868 ACT 2790779181 0x4600000 0 0 0 0 0 35 0 0	0
@7884 READ 2790779182 0x4600000 0 0 0 0 0 35 0 0	0
@7907 PRE 2790779183 0x4800000 0 0 0 0 0 36 0 0	0
@7923 ACT 2790779184 0x4800000 0 0 0 0 0 36 0 0	0
@7939 READ 2790779185 0x4800000 0 0 0 0 0 36 0 0	0
@7962 PRE 2790779186 0x5000000 0 0 0 0 0 40 0 0	0
@7978 ACT 2790779187 0x5000000 0 0 0 0 0 40 0 0	0
@7994 READ 2790779188 0x5000000 0 0 0 0 0 40 0 0	0
@8017 PRE 2790779189 0x5200000 0 0 0 0 0 41 0 0	0
@8033 ACT 2790779190 0x5200000 0 0 0 0 0 41 0 0	0
@8049 READ 2790779191 0x5200000 0 0 0 0 0 41 0 0	0
@8072 PRE 2790779192 0x5400000 0 0 0 0 0 42 0 0	0
@8088 ACT 2790779193 0x5400000 0 0 0 0 0 42 0 0	0
@8104 READ 2790779194 0x5400000 0 0 0 0 0 42 0 0	0
@8127 PRE 2790779195 0x5600000 0 0 0 0 0 43 0 0	0
@8143 ACT 2790779196 0x5600000 0 0 0 0 0 43 0 0	0
@8159 READ 2790779197 0x5600000 0 0 0 0 0 43 0 0	0
@8182 PRE 2790779198 0x5800000 0 0 0 0 0 44 0 0	0
@8198 ACT 2790779199 0x5800000 0 0 0 0 0 44 0 0	0
@8214 READ 2790779200 0x5800000 0 0 0 0 0 44 0 0	0
@8237 PRE 2790779201 0x6000000 0 0 0 0 0 48 0 0	0
@8253 ACT 2790779202 0x6000000 0 0 0 0 0 48 0 0	0
@8269 READ 2790779203 0x6000000 0 0 0 0 0 48 0 0	0
@8292 PRE 2790779204 0x6200000 0 0 0 0 0 49 0 0	0
@8308 ACT 2790779205 0x6200000 0 0 0 0 0 49 0 0	0
@8324 READ 2790779206 0x6200000 0 0 0 0 0 49 0 0	0
@8347 PRE 2790779207 0x6400000 0 0 0 0 0 50 0 0	0
@8363 ACT 2790779208 0x6400000 0 0 0 0 0 50 0 0	0
@8379 READ 2790779209 0x6400000 0 0 0 0 0 50 0 0	0
@8402 PRE 2790779210 0x6600000 0 0 0 0 0 51 0 0	0
@8418 ACT 2790779211 0x6600000 0 0 0 0 0 51 0 0	0
@8434 READ 2790779212 0x6600000 0 0 0 0 0 51 0 0	0
@8457 PRE 2790779213 0x6800000 0 0 0 0 0 52 0 0	0
@8473 ACT 2790779214 0x6800000 0 0 0 0 0 52 0 0	0
@8489 READ 2790779215 0x6800000 0 0 0 0 0 52 0 0	0
@8512 PRE 2790779216 0x7000000 0 0 0 0 0 56 0 0	0
@8528 ACT 2790779217 0x7000000 0 0 0 0 0 56 0 0	0
@8544 READ 2790779218 0x7000000 0 0 0 0 0 56 0 0	0
@8567 PRE 2790779219 0x7200000 0 0 0 0 0 57 0 0	0
@8583 ACT 2790779220 0x7200000 0 0 0 0 0 57 0 0	0
@8599 READ 2790779221 0x7200000 0 0 0 0 0 57 0 0	0
@8622 PRE 2790779222 0x7400000 0 0 0 0 0 58 0 0	0
@8638 ACT 2790779223 0x7400000 0 0 0 0 0 58 0 0	0
@8654 READ 2790779224 0x7400000 0 0 0 0 0 58 0 0	0
@8677 PRE 2790779225 0x7600000 0 0 0 0 0 59 0 0	0
@8693 ACT 2790779226 0x7600000 0 0 0 0 0 59 0 0	0
@8709 READ 2790779227 0x7600000 0 0 0 0 0 59 0 0	0
@8732 PRE 2790779228 0x7800000 0 0 0 0 0 60 0 0	0
@8748 ACT 2790779229 0x7800000 0 0 0 0 0 60 0 0	0
@8764 READ 2790779230 0x7800000 0 0 0 0 0 60 0 0	0
@8787 PRE 2790779231 0x0 0 0 0 0 0 0 0 0	0
@8803 ACT 2790779232 0x0 0 0 0 0 0 0 0 0	0
@8819 READ 2790779233 0x0 0 0 0 0 0 0 0 0	0
@8842 PRE 2790779234 0x200000 0 0 0 0 0 1 0 0	0
@8858 ACT 2790779235 0x200000 0 0 0 0 0 1 0 0	0
@8874 READ 2790779236 0x200000 0 0 0 0 0 1 0 0	0
@8897 PRE 2790779237 0x400000 0 0 0 0 0 2 0 0	0
@8913 ACT 2790779238 0x400000 0 0 0 0 0 2 0 0	0
@8929 READ 2790779239 0x400000 0 0 0 0 0 2 0 0	0
@8952 PRE 2790779240 0x600000 0 0 0 0 0 3 0 0	0
@8968 ACT 2790779241 0x600000 0 0 0 0 0 3 0 0	0
@8984 READ 2790779242 0x600000 0 0 0 0 0 3 0 0	0
@9007 PRE 2790779243 0x800000 0 0 0 0 0 4 0 0	0
@9023 ACT 2790779244 0x800000 0 0 0 0 0 4 0 0	0
@9039 READ 2790779245 0x800000 0 0 0 0 0 4 0 0	0
@9062 PRE 2790779246 0x1000000 0 0 0 0 0 8 0 0	0
@9078 ACT 2790779247 0x1000000 0 0 0 0 0 8 0 0	0
@9094 READ 2790779248 0x1000000 0 0 0 0 0 8 0 0	0
@9117 PRE 2790779249 0x1200000 0 0 0 0 0 9 0 0	0
@9133 ACT 2790779250 0x1200000 0 0 0 0 0 9 0 0	0
@9149 READ 2790779251 0x1200000 0 0 0 0 0 9 0 0	0
@9172 PRE 2790779252 0x1400000 0 0 0 0 0 10 0 0	0
@9188 ACT 2790779253 0x1400000 0 0 0 0 0 10 0 0	0
@9204 READ 2790779254 0x1400000 0 0 0 0 0 10 0 0	0
@9227 PRE 2790779255 0x1600000 0 0 0 0 0 11 0 0	0
@9243 ACT 2790779256 0x1600000 0 0 0 0 0 11 0 0	0
@9259 READ 2790779257 0x1600000 0 0 0 0 0 11 0 0	0
@9282 PRE 2790779258 0x1800000 0 0 0 0 0 12 0 0	0
@9298 ACT 2790779259 0x1800000 0 0 0 0 0 12 0 0	0
@9314 READ 2790779260 0x1800000 0 0 0 0 0 12 0 0	0
@9337 PRE 2790779261 0x2000000 0 0 0 0 0 16 0 0	0
@9353 ACT 2790779262 0x2000000 0 0 0 0 0 16 0 0	0
@9369 READ 2790779263 0x2000000 0 0 0 0 0 16 0 0	0
@9392 PRE 2790779264 0x2200000 0 0 0 0 0 17 0 0	0
@9408 ACT 2790779265 0x2200000 0 0 0 0 0 17 0 0	0
@9424 READ 2790779266 0x2200000 0 0 0 0 0 17 0 0	0
@9447 PRE 2790779267 0x2400000 0 0 0 0 0 18 0 0	0
@9463 ACT 2790779268 0x2400000 0 0 0 0 0 18 0 0	0
@9479 READ 2790779269 0x2400000 0 0 0 0 0 18 0 0	0
@9502 PRE 2790779270 0x2600000 0 0 0 0 0 19 0 0	0
@9518 ACT 2790779271 0x2600000 0 0 0 0 0 19 0 0	0
@9534 READ 2790779272 0x2600000 0 0 0 0 0 19 0 0	0
@9557 PRE 2790779273 0x2800000 0 0 0 0 0 20 0 0	0
@9573 ACT 2790779274 0x2800000 0 0 0 0 0 20 0 0	0
@9589 READ 2790779275 0x2800000 0 0 0 0 0 20 0 0	0
@9612 PRE 2790779276 0x3000000 0 0 0 0 0 24 0 0	0
@9628 ACT 2790779277 0x3000000 0 0 0 0 0 24 0 0	0
@9644 READ 2790779278 0x3000000 0 0 0 0 0 24 0 0	0
@9667 PRE 2790779279 0x3200000 0 0 0 0 0 25 0 0	0
@9683 ACT 2790779280 0x3200000 0 0 0 0 0 25 0 0	0
@9699 READ 2790779281 0x3200000 0 0 0 0 0 25 0 0	0
@9722 PRE 2790779282 0x3400000 0 0 0 0 0 26 0 0	0
@9738 ACT 2790779283 0x3400000 0 0 0 0 0 26 0 0	0
@9754 READ 2790779284 0x3400000 0 0 0 0 0 26 0 0	0
@9777 PRE 2790779285 0x3600000 0 0 0 0 0 27 0 0	0
@9793 ACT 2790779286 0x3600000 0 0 0 0 0 27 0 0	0
@9809 READ 2790779287 0x3600000 0 0 0 0 0 27 0 0	0
@9832 PRE 2790779288 0x3800000 0 0 0 0 0 28 0 0	0
@9848 ACT 2790779289 0x3800000 0 0 0 0 0 28 0 0	0
@9864 READ 2790779290 0x3800000 0 0 0 0 0 28 0 0	0
@9887 PRE 2790779291 0x4000000 0 0 0 0 0 32 0 0	0
@9903 ACT 2790779292 0x4000000 0 0 0 0 0 32 0 0	0
@9919 READ 2790779293 0x4000000 0 0 0 0 0 32 0 0	0
@9942 PRE 2790779294 0x4200000 0 0 0 0 0 33 0 0	0
@9958 ACT 2790779295 0x4200000 0 0 0 0 0 33 0 0	0
@9974 READ 2790779296 0x4200000 0 0 0 0 0 33 0 0	0
@9997 PRE 2790779297 0x4400000 0 0 0 0 0 34 0 0	0
@10013 ACT 2790779298 0x4400000 0 0 0 0 0 34 0 0	0
@10029 READ 2790779299 0x4400000 0 0 0 0 0 34 0 0	0
@10052 PRE 2790779300 0x4600000 0 0 0 0 0 35 0 0	0
@10068 ACT 2790779301 0x4600000 0 0 0 0 0 35 0 0	0
@10084 READ 2790779302 0x4600000 0 0 0 0 0 35 0 0	0
@10107 PRE 2790779303 0x4800000 0 0 0 0 0 36 0 0	0
@10123 ACT 2790779304 0x4800000 0 0 0 0 0 36 0 0	0
@10139 READ 2790779305 0x4800000 0 0 0 0 0 36 0 0	0
@10162 PRE 2790779306 0x5000000 0 0 0 0 0 40 0 0	0
@10178 ACT 2790779307 0x5000000 0 0 0 0 0 40 0 0	0
@10194 READ 2790779308 0x5000000 0 0 0 0 0 40 0 0	0
@10217 PRE 2790779309 0x5200000 0 0 0 0 0 41 0 0	0
@10233 ACT 2790779310 0x5200000 0 0 0 0 0 41 0 0	0
@10249 READ 2790779311 0x5200000 0 0 0 0 0 41 0 0	0
@10272 PRE 2790779312 0x5400000 0 0 0 0 0 42 0 0	0
@10288 ACT 2790779313 0x5400000 0 0 0 0 0 42 0 0	0
@10304 READ 2790779314 0x5400000 0 0 0 0 0 42 0 0	0
@10327 PRE 2790779315 0x5600000 0 0 0 0 0 43 0 0	0
@10343 ACT 2790779316 0x5600000 0 0 0 0 0 43 0 0	0
@10359 READ 2790779317 0x5600000 0 0 0 0 0 43 0 0	0
@10382 PRE 2790779318 0x5800000 0 0 0 0 0 44 0 0	0
@10398 ACT 2790779319 0x5800000 0 0 0 0 0 44 0 0	0
@10414 READ 2790779320 0x5800000 0 0 0 0 0 44 0 0	0
@10437 PRE 2790779321 0x6000000 0 0 0 0 0 48 0 0	0
@10453 ACT 2790779322 0x6000000 0 0 0 0 0 48 0 0	0
@10469 READ 2790779323 0x6000000 0 0 0 0 0 48 0 0	0
@10492 PRE 2790779324 0x6200000 0 0 0 0 0 49 0 0	0
@10508 ACT 2790779325 0x6200000 0 0 0 0 0 49 0 0	0
@10524 READ 2790779326 0x6200000 0 0 0 0 0 49 0 0	0
@10547 PRE 2790779327 0x6400000 0 0 0 0 0 50 0 0	0
@10563 ACT 2790779328 0x6400000 0 0 0 0 0 50 0 0	0
@10579 READ 2790779329 0x6400000 0 0 0 0 0 50 0 0	0
@10602 PRE 2790779330 0x6600000 0 0 0 0 0 51 0 0	0
@10618 ACT 2790779331 0x6600000 0 0 0 0 0 51 0 0	0
@10634 READ 2790779332 0x6600000 0 0 0 0 0 51 0 0	0
@10657 PRE 2790779333 0x6800000 0 0 0 0 0 52 0 0	0
@10673 ACT 2790779334 0x6800000 0 0 0 0 0 52 0 0	0
@10689 READ 2790779335 0x6800000 0 0 0 0 0 52 0 0	0
@10712 PRE 2790779336 0x7000000 0 0 0 0 0 56 0 0	0
@10728 ACT 2790779337 0x7000000 0 0 0 0 0 56 0 0	0
@10744 READ 2790779338 0x7000000 0 0 0 0 0 56 0 0	0
@10767 PRE 2790779339 0x7200000 0 0 0 0 0 57 0 0	0
@10783 ACT 2790779340 0x7200000 0 0 0 0 0 57 0 0	0
@10799 READ 2790779341 0x7200000 0 0 0 0 0 57 0 0	0
@10822 PRE 2790779342 0x7400000 0 0 0 0 0 58 0 0	0
@10838 ACT 2790779343 0x7400000 0 0 0 0 0 58 0 0	0
@10854 READ 2790779344 0x7400000 0 0 0 0 0 58 0 0	0
@10877 PRE 2790779345 0x7600000 0 0 0 0 0 59 0 0	0
@10893 ACT 2790779346 0x7600000 0 0 0 0 0 59 0 0	0
@10909 READ 2790779347 0x7600000 0 0 0 0 0 59 0 0	0
@10932 PRE 2790779348 0x7800000 0 0 0 0 0 60 0 0	0
@10948 ACT 2790779349 0x7800000 0 0 0 0 0 60 0 0	0
@10964 READ 2790779350 0x7800000 0 0 0 0 0 60 0 0	0
@10987 PRE 2790779351 0x0 0 0 0 0 0 0 0 0	0
