@3 ACT 4037842592 0x0 0 0 0 0 0 0 0 0	0
@4 ACT 4037842594 0x80 0 0 1 0 0 0 0 0	4
@11 ACT 4037842602 0x20 0 0 0 0 1 0 0 0	1
@12 ACT 4037842604 0xa0 0 0 1 0 1 0 0 0	5
@17 READ 4037842593 0x0 0 0 0 0 0 0 0 0	0
@19 READ 4037842596 0x100 0 0 0 0 0 0 1 0	0
@19 ACT 4037842612 0x40 0 0 0 1 0 0 0 0	2
@20 ACT 4037842614 0xc0 0 0 1 1 0 0 0 0	6
@21 READ 4037842598 0x200 0 0 0 0 0 0 2 0	0
@23 READ 4037842600 0x300 0 0 0 0 0 0 3 0	0
@25 READ 4037842603 0x20 0 0 0 0 1 0 0 0	1
@27 READ 4037842606 0x120 0 0 0 0 1 0 1 0	1
@27 ACT 4037842622 0x60 0 0 0 1 1 0 0 0	3
@28 ACT 4037842624 0xe0 0 0 1 1 1 0 0 0	7
@29 READ 4037842608 0x220 0 0 0 0 1 0 2 0	1
@31 READ 4037842610 0x320 0 0 0 0 1 0 3 0	1
@33 READ 4037842613 0x40 0 0 0 1 0 0 0 0	2
@35 READ 4037842632 0x0 0 0 0 0 0 0 0 0	0
@36 READ 4037842616 0x140 0 0 0 1 0 0 1 0	2
@38 READ 4037842618 0x240 0 0 0 1 0 0 2 0	2
@39 READ 4037842634 0x100 0 0 0 0 0 0 1 0	0
@40 READ 4037842620 0x340 0 0 0 1 0 0 3 0	2
@41 READ 4037842636 0x200 0 0 0 0 0 0 2 0	0
@43 READ 4037842638 0x300 0 0 0 0 0 0 3 0	0
@44 READ 4037842623 0x60 0 0 0 1 1 0 0 0	3
@46 READ 4037842626 0x160 0 0 0 1 1 0 1 0	3
@47 READ 4037842640 0x20 0 0 0 0 1 0 0 0	1
@48 READ 4037842628 0x260 0 0 0 1 1 0 2 0	3
@50 READ 4037842630 0x360 0 0 0 1 1 0 3 0	3
@51 READ 4037842642 0x120 0 0 0 0 1 0 1 0	1
@53 READ 4037842644 0x220 0 0 0 0 1 0 2 0	1
@55 READ 4037842646 0x320 0 0 0 0 1 0 3 0	1
@56 READ 4037842648 0x40 0 0 0 1 0 0 0 0	2
@58 READ 4037842650 0x140 0 0 0 1 0 0 1 0	2
@60 READ 4037842652 0x240 0 0 0 1 0 0 2 0	2
@62 READ 4037842654 0x340 0 0 0 1 0 0 3 0	2
@63 READ 4037842656 0x60 0 0 0 1 1 0 0 0	3
@65 READ 4037842658 0x160 0 0 0 1 1 0 1 0	3
@67 READ 4037842660 0x260 0 0 0 1 1 0 2 0	3
@69 READ 4037842662 0x360 0 0 0 1 1 0 3 0	3
@70 READ 4037842664 0x0 0 0 0 0 0 0 0 0	0
@72 READ 4037842666 0x100 0 0 0 0 0 0 1 0	0
@74 READ 4037842668 0x200 0 0 0 0 0 0 2 0	0
@76 READ 4037842670 0x300 0 0 0 0 0 0 3 0	0
@77 READ 4037842672 0x20 0 0 0 0 1 0 0 0	1
@79 READ 4037842674 0x120 0 0 0 0 1 0 1 0	1
@81 READ 4037842676 0x220 0 0 0 0 1 0 2 0	1
@83 READ 4037842678 0x320 0 0 0 0 1 0 3 0	1
@84 READ 4037842680 0x40 0 0 0 1 0 0 0 0	2
@86 READ 4037842682 0x140 0 0 0 1 0 0 1 0	2
@88 READ 4037842684 0x240 0 0 0 1 0 0 2 0	2
@90 READ 4037842686 0x340 0 0 0 1 0 0 3 0	2
@91 READ 4037842688 0x60 0 0 0 1 1 0 0 0	3
@93 READ 4037842690 0x160 0 0 0 1 1 0 1 0	3
@95 READ 4037842692 0x260 0 0 0 1 1 0 2 0	3
@97 READ 4037842694 0x360 0 0 0 1 1 0 3 0	3
@99 READ 4037842696 0x0 0 0 0 0 0 0 0 0	0
@101 READ 4037842698 0x100 0 0 0 0 0 0 1 0	0
@103 READ 4037842700 0x200 0 0 0 0 0 0 2 0	0
@105 READ 4037842702 0x300 0 0 0 0 0 0 3 0	0
@107 READ 4037842704 0x20 0 0 0 0 1 0 0 0	1
@109 READ 4037842706 0x120 0 0 0 0 1 0 1 0	1
@111 READ 4037842708 0x220 0 0 0 0 1 0 2 0	1
@113 READ 4037842710 0x320 0 0 0 0 1 0 3 0	1
@115 READ 4037842712 0x40 0 0 0 1 0 0 0 0	2
@117 READ 4037842714 0x140 0 0 0 1 0 0 1 0	2
@119 READ 4037842716 0x240 0 0 0 1 0 0 2 0	2
@121 READ 4037842718 0x340 0 0 0 1 0 0 3 0	2
@123 READ 4037842720 0x60 0 0 0 1 1 0 0 0	3
@125 READ 4037842722 0x160 0 0 0 1 1 0 1 0	3
@127 READ 4037842724 0x260 0 0 0 1 1 0 2 0	3
@129 READ 4037842726 0x360 0 0 0 1 1 0 3 0	3
@131 READ 4037842728 0x0 0 0 0 0 0 0 0 0	0
@133 READ 4037842730 0x100 0 0 0 0 0 0 1 0	0
@135 READ 4037842732 0x200 0 0 0 0 0 0 2 0	0
@137 READ 4037842734 0x300 0 0 0 0 0 0 3 0	0
@139 READ 4037842736 0x20 0 0 0 0 1 0 0 0	1
@141 READ 4037842738 0x120 0 0 0 0 1 0 1 0	1
@143 READ 4037842740 0x220 0 0 0 0 1 0 2 0	1
@145 READ 4037842742 0x320 0 0 0 0 1 0 3 0	1
@147 READ 4037842744 0x40 0 0 0 1 0 0 0 0	2
@149 READ 4037842746 0x140 0 0 0 1 0 0 1 0	2
@151 READ 4037842748 0x240 0 0 0 1 0 0 2 0	2
@153 READ 4037842750 0x340 0 0 0 1 0 0 3 0	2
@155 READ 4037842752 0x60 0 0 0 1 1 0 0 0	3
@157 READ 4037842754 0x160 0 0 0 1 1 0 1 0	3
@159 READ 4037842756 0x260 0 0 0 1 1 0 2 0	3
@161 READ 4037842758 0x360 0 0 0 1 1 0 3 0	3
@163 READ 4037842760 0x0 0 0 0 0 0 0 0 0	0
@165 READ 4037842762 0x100 0 0 0 0 0 0 1 0	0
@167 READ 4037842764 0x200 0 0 0 0 0 0 2 0	0
@169 READ 4037842766 0x300 0 0 0 0 0 0 3 0	0
@171 READ 4037842768 0x20 0 0 0 0 1 0 0 0	1
@173 READ 4037842770 0x120 0 0 0 0 1 0 1 0	1
@175 READ 4037842772 0x220 0 0 0 0 1 0 2 0	1
@177 READ 4037842774 0x320 0 0 0 0 1 0 3 0	1
@179 READ 4037842776 0x40 0 0 0 1 0 0 0 0	2
@181 READ 4037842778 0x140 0 0 0 1 0 0 1 0	2
@183 READ 4037842780 0x240 0 0 0 1 0 0 2 0	2
@185 READ 4037842782 0x340 0 0 0 1 0 0 3 0	2
@187 READ 4037842784 0x60 0 0 0 1 1 0 0 0	3
@189 READ 4037842786 0x160 0 0 0 1 1 0 1 0	3
@191 READ 4037842788 0x260 0 0 0 1 1 0 2 0	3
@193 READ 4037842790 0x360 0 0 0 1 1 0 3 0	3
@195 READ 4037842792 0x0 0 0 0 0 0 0 0 0	0
@197 READ 4037842794 0x100 0 0 0 0 0 0 1 0	0
@199 READ 4037842796 0x200 0 0 0 0 0 0 2 0	0
@201 READ 4037842798 0x300 0 0 0 0 0 0 3 0	0
@203 READ 4037842800 0x20 0 0 0 0 1 0 0 0	1
@205 READ 4037842802 0x120 0 0 0 0 1 0 1 0	1
@207 READ 4037842804 0x220 0 0 0 0 1 0 2 0	1
@209 READ 4037842806 0x320 0 0 0 0 1 0 3 0	1
@211 READ 4037842808 0x40 0 0 0 1 0 0 0 0	2
@213 READ 4037842810 0x140 0 0 0 1 0 0 1 0	2
@215 READ 4037842812 0x240 0 0 0 1 0 0 2 0	2
@217 READ 4037842814 0x340 0 0 0 1 0 0 3 0	2
@219 READ 4037842816 0x60 0 0 0 1 1 0 0 0	3
@221 READ 4037842818 0x160 0 0 0 1 1 0 1 0	3
@223 READ 4037842820 0x260 0 0 0 1 1 0 2 0	3
@225 READ 4037842822 0x360 0 0 0 1 1 0 3 0	3
@227 READ 4037842824 0x0 0 0 0 0 0 0 0 0	0
@229 READ 4037842826 0x100 0 0 0 0 0 0 1 0	0
@231 READ 4037842828 0x200 0 0 0 0 0 0 2 0	0
@233 READ 4037842830 0x300 0 0 0 0 0 0 3 0	0
@235 READ 4037842832 0x20 0 0 0 0 1 0 0 0	1
@237 READ 4037842834 0x120 0 0 0 0 1 0 1 0	1
@239 READ 4037842836 0x220 0 0 0 0 1 0 2 0	1
@241 READ 4037842838 0x320 0 0 0 0 1 0 3 0	1
@243 READ 4037842840 0x40 0 0 0 1 0 0 0 0	2
@245 READ 4037842842 0x140 0 0 0 1 0 0 1 0	2
@247 READ 4037842844 0x240 0 0 0 1 0 0 2 0	2
@249 READ 4037842846 0x340 0 0 0 1 0 0 3 0	2
@251 READ 4037842848 0x60 0 0 0 1 1 0 0 0	3
@253 READ 4037842850 0x160 0 0 0 1 1 0 1 0	3
@255 READ 4037842852 0x260 0 0 0 1 1 0 2 0	3
@257 READ 4037842854 0x360 0 0 0 1 1 0 3 0	3
@259 READ 4037842856 0x0 0 0 0 0 0 0 0 0	0
@261 READ 4037842858 0x100 0 0 0 0 0 0 1 0	0
@263 READ 4037842860 0x200 0 0 0 0 0 0 2 0	0
@265 READ 4037842862 0x300 0 0 0 0 0 0 3 0	0
@267 READ 4037842864 0x20 0 0 0 0 1 0 0 0	1
@269 READ 4037842866 0x120 0 0 0 0 1 0 1 0	1
@271 READ 4037842868 0x220 0 0 0 0 1 0 2 0	1
@273 READ 4037842870 0x320 0 0 0 0 1 0 3 0	1
@275 READ 4037842872 0x40 0 0 0 1 0 0 0 0	2
@277 READ 4037842874 0x140 0 0 0 1 0 0 1 0	2
@279 READ 4037842876 0x240 0 0 0 1 0 0 2 0	2
@281 READ 4037842878 0x340 0 0 0 1 0 0 3 0	2
@283 READ 4037842880 0x60 0 0 0 1 1 0 0 0	3
@285 READ 4037842882 0x160 0 0 0 1 1 0 1 0	3
@287 READ 4037842884 0x260 0 0 0 1 1 0 2 0	3
@289 READ 4037842886 0x360 0 0 0 1 1 0 3 0	3
@291 READ 4037842888 0x0 0 0 0 0 0 0 0 0	0
@293 READ 4037842890 0x100 0 0 0 0 0 0 1 0	0
@295 READ 4037842892 0x200 0 0 0 0 0 0 2 0	0
@297 READ 4037842894 0x300 0 0 0 0 0 0 3 0	0
@299 READ 4037842896 0x20 0 0 0 0 1 0 0 0	1
@301 READ 4037842898 0x120 0 0 0 0 1 0 1 0	1
@303 READ 4037842900 0x220 0 0 0 0 1 0 2 0	1
@305 READ 4037842902 0x320 0 0 0 0 1 0 3 0	1
@307 READ 4037842904 0x40 0 0 0 1 0 0 0 0	2
@309 READ 4037842906 0x140 0 0 0 1 0 0 1 0	2
@311 READ 4037842908 0x240 0 0 0 1 0 0 2 0	2
@313 READ 4037842910 0x340 0 0 0 1 0 0 3 0	2
@315 READ 4037842912 0x60 0 0 0 1 1 0 0 0	3
@317 READ 4037842914 0x160 0 0 0 1 1 0 1 0	3
@319 READ 4037842916 0x260 0 0 0 1 1 0 2 0	3
@321 READ 4037842918 0x360 0 0 0 1 1 0 3 0	3
@323 READ 4037842920 0x0 0 0 0 0 0 0 0 0	0
@325 READ 4037842922 0x100 0 0 0 0 0 0 1 0	0
@327 READ 4037842924 0x200 0 0 0 0 0 0 2 0	0
@329 READ 4037842926 0x300 0 0 0 0 0 0 3 0	0
@331 READ 4037842928 0x20 0 0 0 0 1 0 0 0	1
@333 READ 4037842930 0x120 0 0 0 0 1 0 1 0	1
@335 READ 4037842932 0x220 0 0 0 0 1 0 2 0	1
@337 READ 4037842934 0x320 0 0 0 0 1 0 3 0	1
@339 READ 4037842936 0x40 0 0 0 1 0 0 0 0	2
@341 READ 4037842938 0x140 0 0 0 1 0 0 1 0	2
@343 READ 4037842940 0x240 0 0 0 1 0 0 2 0	2
@345 READ 4037842942 0x340 0 0 0 1 0 0 3 0	2
@347 READ 4037842944 0x60 0 0 0 1 1 0 0 0	3
@349 READ 4037842946 0x160 0 0 0 1 1 0 1 0	3
@351 READ 4037842948 0x260 0 0 0 1 1 0 2 0	3
@353 READ 4037842950 0x360 0 0 0 1 1 0 3 0	3
@355 READ 4037842952 0x0 0 0 0 0 0 0 0 0	0
@357 READ 4037842954 0x100 0 0 0 0 0 0 1 0	0
@359 READ 4037842956 0x200 0 0 0 0 0 0 2 0	0
@361 READ 4037842958 0x300 0 0 0 0 0 0 3 0	0
@363 READ 4037842960 0x20 0 0 0 0 1 0 0 0	1
@365 READ 4037842962 0x120 0 0 0 0 1 0 1 0	1
@367 READ 4037842964 0x220 0 0 0 0 1 0 2 0	1
@369 READ 4037842966 0x320 0 0 0 0 1 0 3 0	1
@371 READ 4037842968 0x40 0 0 0 1 0 0 0 0	2
@373 READ 4037842970 0x140 0 0 0 1 0 0 1 0	2
@375 READ 4037842972 0x240 0 0 0 1 0 0 2 0	2
@377 READ 4037842974 0x340 0 0 0 1 0 0 3 0	2
@379 READ 4037842976 0x60 0 0 0 1 1 0 0 0	3
@381 READ 4037842978 0x160 0 0 0 1 1 0 1 0	3
@383 READ 4037842980 0x260 0 0 0 1 1 0 2 0	3
@385 READ 4037842982 0x360 0 0 0 1 1 0 3 0	3
@387 READ 4037842984 0x0 0 0 0 0 0 0 0 0	0
@389 READ 4037842986 0x100 0 0 0 0 0 0 1 0	0
@391 READ 4037842988 0x200 0 0 0 0 0 0 2 0	0
@393 READ 4037842990 0x300 0 0 0 0 0 0 3 0	0
@395 READ 4037842992 0x20 0 0 0 0 1 0 0 0	1
@397 READ 4037842994 0x120 0 0 0 0 1 0 1 0	1
@399 READ 4037842996 0x220 0 0 0 0 1 0 2 0	1
@401 READ 4037842998 0x320 0 0 0 0 1 0 3 0	1
@403 READ 4037843000 0x40 0 0 0 1 0 0 0 0	2
@405 READ 4037843002 0x140 0 0 0 1 0 0 1 0	2
@407 READ 4037843004 0x240 0 0 0 1 0 0 2 0	2
@409 READ 4037843006 0x340 0 0 0 1 0 0 3 0	2
@411 READ 4037843008 0x60 0 0 0 1 1 0 0 0	3
@413 READ 4037843010 0x160 0 0 0 1 1 0 1 0	3
@415 READ 4037843012 0x260 0 0 0 1 1 0 2 0	3
@417 READ 4037843014 0x360 0 0 0 1 1 0 3 0	3
@419 READ 4037843016 0x0 0 0 0 0 0 0 0 0	0
@421 READ 4037843018 0x100 0 0 0 0 0 0 1 0	0
@423 READ 4037843020 0x200 0 0 0 0 0 0 2 0	0
@425 READ 4037843022 0x300 0 0 0 0 0 0 3 0	0
@427 READ 4037843024 0x20 0 0 0 0 1 0 0 0	1
@429 READ 4037843026 0x120 0 0 0 0 1 0 1 0	1
@431 READ 4037843028 0x220 0 0 0 0 1 0 2 0	1
@433 READ 4037843030 0x320 0 0 0 0 1 0 3 0	1
@435 READ 4037843032 0x40 0 0 0 1 0 0 0 0	2
@437 READ 4037843034 0x140 0 0 0 1 0 0 1 0	2
@439 READ 4037843036 0x240 0 0 0 1 0 0 2 0	2
@441 READ 4037843038 0x340 0 0 0 1 0 0 3 0	2
@443 READ 4037843040 0x60 0 0 0 1 1 0 0 0	3
@445 READ 4037843042 0x160 0 0 0 1 1 0 1 0	3
@447 READ 4037843044 0x260 0 0 0 1 1 0 2 0	3
@449 READ 4037843046 0x360 0 0 0 1 1 0 3 0	3
@451 READ 4037843048 0x0 0 0 0 0 0 0 0 0	0
@453 READ 4037843050 0x100 0 0 0 0 0 0 1 0	0
@455 READ 4037843052 0x200 0 0 0 0 0 0 2 0	0
@457 READ 4037843054 0x300 0 0 0 0 0 0 3 0	0
@459 READ 4037843056 0x20 0 0 0 0 1 0 0 0	1
@461 READ 4037843058 0x120 0 0 0 0 1 0 1 0	1
@463 READ 4037843060 0x220 0 0 0 0 1 0 2 0	1
@465 READ 4037843062 0x320 0 0 0 0 1 0 3 0	1
@467 READ 4037843064 0x40 0 0 0 1 0 0 0 0	2
@469 READ 4037843066 0x140 0 0 0 1 0 0 1 0	2
@471 READ 4037843068 0x240 0 0 0 1 0 0 2 0	2
@473 READ 4037843070 0x340 0 0 0 1 0 0 3 0	2
@475 READ 4037843072 0x60 0 0 0 1 1 0 0 0	3
@477 READ 4037843074 0x160 0 0 0 1 1 0 1 0	3
@479 READ 4037843076 0x260 0 0 0 1 1 0 2 0	3
@481 READ 4037843078 0x360 0 0 0 1 1 0 3 0	3
@483 READ 4037843080 0x0 0 0 0 0 0 0 0 0	0
@485 READ 4037843082 0x100 0 0 0 0 0 0 1 0	0
@487 READ 4037843084 0x200 0 0 0 0 0 0 2 0	0
@489 READ 4037843085 0x300 0 0 0 0 0 0 3 0	0
@491 READ 4037843086 0x20 0 0 0 0 1 0 0 0	1
@493 READ 4037843088 0x120 0 0 0 0 1 0 1 0	1
@495 READ 4037843090 0x220 0 0 0 0 1 0 2 0	1
@497 READ 4037843091 0x320 0 0 0 0 1 0 3 0	1
@499 READ 4037843092 0x40 0 0 0 1 0 0 0 0	2
@501 READ 4037843094 0x140 0 0 0 1 0 0 1 0	2
@503 READ 4037843096 0x240 0 0 0 1 0 0 2 0	2
@505 READ 4037843097 0x340 0 0 0 1 0 0 3 0	2
@507 READ 4037843098 0x60 0 0 0 1 1 0 0 0	3
@509 READ 4037843100 0x160 0 0 0 1 1 0 1 0	3
@511 READ 4037843102 0x260 0 0 0 1 1 0 2 0	3
@513 READ 4037843103 0x360 0 0 0 1 1 0 3 0	3
@515 READ 4037843104 0x0 0 0 0 0 0 0 0 0	0
@517 READ 4037843105 0x100 0 0 0 0 0 0 1 0	0
@519 READ 4037843106 0x200 0 0 0 0 0 0 2 0	0
@521 READ 4037843107 0x300 0 0 0 0 0 0 3 0	0
@523 READ 4037843108 0x20 0 0 0 0 1 0 0 0	1
@525 READ 4037843109 0x120 0 0 0 0 1 0 1 0	1
@527 READ 4037843110 0x220 0 0 0 0 1 0 2 0	1
@529 READ 4037843111 0x320 0 0 0 0 1 0 3 0	1
@531 READ 4037843112 0x40 0 0 0 1 0 0 0 0	2
@533 READ 4037843113 0x140 0 0 0 1 0 0 1 0	2
@535 READ 4037843114 0x240 0 0 0 1 0 0 2 0	2
@537 READ 4037843115 0x340 0 0 0 1 0 0 3 0	2
@539 READ 4037843116 0x60 0 0 0 1 1 0 0 0	3
@541 READ 4037843117 0x160 0 0 0 1 1 0 1 0	3
@543 READ 4037843118 0x260 0 0 0 1 1 0 2 0	3
@545 READ 4037843119 0x360 0 0 0 1 1 0 3 0	3
@547 READ 4037843120 0x0 0 0 0 0 0 0 0 0	0
@549 READ 4037843121 0x100 0 0 0 0 0 0 1 0	0
@551 READ 4037843122 0x200 0 0 0 0 0 0 2 0	0
@553 READ 4037843123 0x300 0 0 0 0 0 0 3 0	0
@555 READ 4037843124 0x20 0 0 0 0 1 0 0 0	1
@557 READ 4037843125 0x120 0 0 0 0 1 0 1 0	1
@559 READ 4037843126 0x220 0 0 0 0 1 0 2 0	1
@561 READ 4037843127 0x320 0 0 0 0 1 0 3 0	1
@563 READ 4037843128 0x40 0 0 0 1 0 0 0 0	2
@565 READ 4037843129 0x140 0 0 0 1 0 0 1 0	2
@567 READ 4037843130 0x240 0 0 0 1 0 0 2 0	2
@569 READ 4037843131 0x340 0 0 0 1 0 0 3 0	2
@571 READ 4037843132 0x60 0 0 0 1 1 0 0 0	3
@573 READ 4037843133 0x160 0 0 0 1 1 0 1 0	3
@575 READ 4037843134 0x260 0 0 0 1 1 0 2 0	3
@577 READ 4037843135 0x360 0 0 0 1 1 0 3 0	3
@579 READ 4037843136 0x0 0 0 0 0 0 0 0 0	0
@581 READ 4037843137 0x100 0 0 0 0 0 0 1 0	0
@583 READ 4037843138 0x200 0 0 0 0 0 0 2 0	0
@585 READ 4037843139 0x300 0 0 0 0 0 0 3 0	0
@587 READ 4037843140 0x20 0 0 0 0 1 0 0 0	1
@589 READ 4037843141 0x120 0 0 0 0 1 0 1 0	1
@591 READ 4037843142 0x220 0 0 0 0 1 0 2 0	1
@593 READ 4037843143 0x320 0 0 0 0 1 0 3 0	1
@595 READ 4037843144 0x40 0 0 0 1 0 0 0 0	2
@597 READ 4037843145 0x140 0 0 0 1 0 0 1 0	2
@599 READ 4037843146 0x240 0 0 0 1 0 0 2 0	2
@601 READ 4037843147 0x340 0 0 0 1 0 0 3 0	2
@603 READ 4037843148 0x60 0 0 0 1 1 0 0 0	3
@605 READ 4037843149 0x160 0 0 0 1 1 0 1 0	3
@607 READ 4037843150 0x260 0 0 0 1 1 0 2 0	3
@609 READ 4037843151 0x360 0 0 0 1 1 0 3 0	3
@611 READ 4037843152 0x0 0 0 0 0 0 0 0 0	0
@613 READ 4037843153 0x100 0 0 0 0 0 0 1 0	0
@615 READ 4037843154 0x200 0 0 0 0 0 0 2 0	0
@617 READ 4037843155 0x300 0 0 0 0 0 0 3 0	0
@619 READ 4037843156 0x20 0 0 0 0 1 0 0 0	1
@621 READ 4037843157 0x120 0 0 0 0 1 0 1 0	1
@623 READ 4037843158 0x220 0 0 0 0 1 0 2 0	1
@625 READ 4037843159 0x320 0 0 0 0 1 0 3 0	1
@632 READ 4037842595 0x80 0 0 1 0 0 0 0 0	4
@633 READ 4037842605 0xa0 0 0 1 0 1 0 0 0	5
@634 READ 4037842615 0xc0 0 0 1 1 0 0 0 0	6
@635 READ 4037842625 0xe0 0 0 1 1 1 0 0 0	7
@636 READ 4037842607 0x1a0 0 0 1 0 1 0 1 0	5
@637 READ 4037842617 0x1c0 0 0 1 1 0 0 1 0	6
@638 READ 4037842627 0x1e0 0 0 1 1 1 0 1 0	7
@639 READ 4037842597 0x180 0 0 1 0 0 0 1 0	4
@640 READ 4037842619 0x2c0 0 0 1 1 0 0 2 0	6
@641 READ 4037842629 0x2e0 0 0 1 1 1 0 2 0	7
@642 READ 4037842599 0x280 0 0 1 0 0 0 2 0	4
@643 READ 4037842609 0x2a0 0 0 1 0 1 0 2 0	5
@644 READ 4037842631 0x3e0 0 0 1 1 1 0 3 0	7
@645 READ 4037842601 0x380 0 0 1 0 0 0 3 0	4
@646 READ 4037842611 0x3a0 0 0 1 0 1 0 3 0	5
@647 READ 4037842621 0x3c0 0 0 1 1 0 0 3 0	6
@648 READ 4037842633 0x80 0 0 1 0 0 0 0 0	4
@649 READ 4037842649 0xc0 0 0 1 1 0 0 0 0	6
@650 READ 4037842657 0xe0 0 0 1 1 1 0 0 0	7
@651 READ 4037842635 0x180 0 0 1 0 0 0 1 0	4
@652 READ 4037842641 0xa0 0 0 1 0 1 0 0 0	5
@653 READ 4037842659 0x1e0 0 0 1 1 1 0 1 0	7
@654 READ 4037842637 0x280 0 0 1 0 0 0 2 0	4
@655 READ 4037842643 0x1a0 0 0 1 0 1 0 1 0	5
@656 READ 4037842651 0x1c0 0 0 1 1 0 0 1 0	6
@657 READ 4037842645 0x2a0 0 0 1 0 1 0 2 0	5
@658 READ 4037842653 0x2c0 0 0 1 1 0 0 2 0	6
@659 READ 4037842661 0x2e0 0 0 1 1 1 0 2 0	7
@660 READ 4037842639 0x380 0 0 1 0 0 0 3 0	4
@661 READ 4037842647 0x3a0 0 0 1 0 1 0 3 0	5
@662 READ 4037842663 0x3e0 0 0 1 1 1 0 3 0	7
@663 READ 4037842665 0x80 0 0 1 0 0 0 0 0	4
@664 READ 4037842673 0xa0 0 0 1 0 1 0 0 0	5
@665 READ 4037842655 0x3c0 0 0 1 1 0 0 3 0	6
@666 READ 4037842675 0x1a0 0 0 1 0 1 0 1 0	5
@667 READ 4037842681 0xc0 0 0 1 1 0 0 0 0	6
@668 READ 4037842689 0xe0 0 0 1 1 1 0 0 0	7
@669 READ 4037842667 0x180 0 0 1 0 0 0 1 0	4
@670 READ 4037842683 0x1c0 0 0 1 1 0 0 1 0	6
@671 READ 4037842691 0x1e0 0 0 1 1 1 0 1 0	7
@672 READ 4037842669 0x280 0 0 1 0 0 0 2 0	4
@673 READ 4037842677 0x2a0 0 0 1 0 1 0 2 0	5
@674 READ 4037842685 0x2c0 0 0 1 1 0 0 2 0	6
@675 READ 4037842679 0x3a0 0 0 1 0 1 0 3 0	5
@676 READ 4037842687 0x3c0 0 0 1 1 0 0 3 0	6
@677 READ 4037842693 0x2e0 0 0 1 1 1 0 2 0	7
@678 READ 4037842671 0x380 0 0 1 0 0 0 3 0	4
@679 READ 4037842713 0xc0 0 0 1 1 0 0 0 0	6
@680 READ 4037842695 0x3e0 0 0 1 1 1 0 3 0	7
@681 READ 4037842697 0x80 0 0 1 0 0 0 0 0	4
@682 READ 4037842705 0xa0 0 0 1 0 1 0 0 0	5
@683 READ 4037842721 0xe0 0 0 1 1 1 0 0 0	7
@684 READ 4037842707 0x1a0 0 0 1 0 1 0 1 0	5
@685 READ 4037842715 0x1c0 0 0 1 1 0 0 1 0	6
@686 READ 4037842723 0x1e0 0 0 1 1 1 0 1 0	7
@687 READ 4037842699 0x180 0 0 1 0 0 0 1 0	4
@688 READ 4037842709 0x2a0 0 0 1 0 1 0 2 0	5
@689 READ 4037842725 0x2e0 0 0 1 1 1 0 2 0	7
@690 READ 4037842701 0x280 0 0 1 0 0 0 2 0	4
@691 READ 4037842711 0x3a0 0 0 1 0 1 0 3 0	5
@692 READ 4037842717 0x2c0 0 0 1 1 0 0 2 0	6
@693 READ 4037842737 0xa0 0 0 1 0 1 0 0 0	5
@694 READ 4037842719 0x3c0 0 0 1 1 0 0 3 0	6
@695 READ 4037842727 0x3e0 0 0 1 1 1 0 3 0	7
@696 READ 4037842703 0x380 0 0 1 0 0 0 3 0	4
@697 READ 4037842745 0xc0 0 0 1 1 0 0 0 0	6
@698 READ 4037842753 0xe0 0 0 1 1 1 0 0 0	7
@699 READ 4037842729 0x80 0 0 1 0 0 0 0 0	4
@700 READ 4037842739 0x1a0 0 0 1 0 1 0 1 0	5
@701 READ 4037842747 0x1c0 0 0 1 1 0 0 1 0	6
@702 READ 4037842741 0x2a0 0 0 1 0 1 0 2 0	5
@703 READ 4037842749 0x2c0 0 0 1 1 0 0 2 0	6
@704 READ 4037842755 0x1e0 0 0 1 1 1 0 1 0	7
@705 READ 4037842731 0x180 0 0 1 0 0 0 1 0	4
@706 READ 4037842751 0x3c0 0 0 1 1 0 0 3 0	6
@707 READ 4037842757 0x2e0 0 0 1 1 1 0 2 0	7
@708 READ 4037842733 0x280 0 0 1 0 0 0 2 0	4
@709 READ 4037842743 0x3a0 0 0 1 0 1 0 3 0	5
@710 READ 4037842759 0x3e0 0 0 1 1 1 0 3 0	7
@711 READ 4037842735 0x380 0 0 1 0 0 0 3 0	4
@712 READ 4037842777 0xc0 0 0 1 1 0 0 0 0	6
@713 READ 4037842785 0xe0 0 0 1 1 1 0 0 0	7
@714 READ 4037842761 0x80 0 0 1 0 0 0 0 0	4
@715 READ 4037842769 0xa0 0 0 1 0 1 0 0 0	5
@716 READ 4037842787 0x1e0 0 0 1 1 1 0 1 0	7
@717 READ 4037842763 0x180 0 0 1 0 0 0 1 0	4
@718 READ 4037842771 0x1a0 0 0 1 0 1 0 1 0	5
@719 READ 4037842779 0x1c0 0 0 1 1 0 0 1 0	6
@720 READ 4037842773 0x2a0 0 0 1 0 1 0 2 0	5
@721 READ 4037842781 0x2c0 0 0 1 1 0 0 2 0	6
@722 READ 4037842789 0x2e0 0 0 1 1 1 0 2 0	7
@723 READ 4037842765 0x280 0 0 1 0 0 0 2 0	4
@724 READ 4037842783 0x3c0 0 0 1 1 0 0 3 0	6
@725 READ 4037842791 0x3e0 0 0 1 1 1 0 3 0	7
@726 READ 4037842767 0x380 0 0 1 0 0 0 3 0	4
@727 READ 4037842775 0x3a0 0 0 1 0 1 0 3 0	5
@728 READ 4037842809 0xc0 0 0 1 1 0 0 0 0	6
@729 READ 4037842801 0xa0 0 0 1 0 1 0 0 0	5
@730 READ 4037842811 0x1c0 0 0 1 1 0 0 1 0	6
@731 READ 4037842817 0xe0 0 0 1 1 1 0 0 0	7
@732 READ 4037842793 0x80 0 0 1 0 0 0 0 0	4
@733 READ 4037842813 0x2c0 0 0 1 1 0 0 2 0	6
@734 READ 4037842819 0x1e0 0 0 1 1 1 0 1 0	7
@735 READ 4037842795 0x180 0 0 1 0 0 0 1 0	4
@736 READ 4037842803 0x1a0 0 0 1 0 1 0 1 0	5
@737 READ 4037842821 0x2e0 0 0 1 1 1 0 2 0	7
@738 READ 4037842797 0x280 0 0 1 0 0 0 2 0	4
@739 READ 4037842815 0x3c0 0 0 1 1 0 0 3 0	6
@740 READ 4037842823 0x3e0 0 0 1 1 1 0 3 0	7
@741 READ 4037842799 0x380 0 0 1 0 0 0 3 0	4
@742 READ 4037842805 0x2a0 0 0 1 0 1 0 2 0	5
@743 READ 4037842849 0xe0 0 0 1 1 1 0 0 0	7
@744 READ 4037842825 0x80 0 0 1 0 0 0 0 0	4
@745 READ 4037842807 0x3a0 0 0 1 0 1 0 3 0	5
@746 READ 4037842841 0xc0 0 0 1 1 0 0 0 0	6
@747 READ 4037842833 0xa0 0 0 1 0 1 0 0 0	5
@748 READ 4037842843 0x1c0 0 0 1 1 0 0 1 0	6
@749 READ 4037842851 0x1e0 0 0 1 1 1 0 1 0	7
@750 READ 4037842827 0x180 0 0 1 0 0 0 1 0	4
@751 READ 4037842835 0x1a0 0 0 1 0 1 0 1 0	5
@752 READ 4037842853 0x2e0 0 0 1 1 1 0 2 0	7
@753 READ 4037842829 0x280 0 0 1 0 0 0 2 0	4
@754 READ 4037842837 0x2a0 0 0 1 0 1 0 2 0	5
@755 READ 4037842845 0x2c0 0 0 1 1 0 0 2 0	6
@756 READ 4037842839 0x3a0 0 0 1 0 1 0 3 0	5
@757 READ 4037842847 0x3c0 0 0 1 1 0 0 3 0	6
@758 READ 4037842855 0x3e0 0 0 1 1 1 0 3 0	7
@759 READ 4037842831 0x380 0 0 1 0 0 0 3 0	4
@760 READ 4037842873 0xc0 0 0 1 1 0 0 0 0	6
@761 READ 4037842881 0xe0 0 0 1 1 1 0 0 0	7
@762 READ 4037842857 0x80 0 0 1 0 0 0 0 0	4
@763 READ 4037842865 0xa0 0 0 1 0 1 0 0 0	5
@764 READ 4037842883 0x1e0 0 0 1 1 1 0 1 0	7
@765 READ 4037842859 0x180 0 0 1 0 0 0 1 0	4
@766 READ 4037842875 0x1c0 0 0 1 1 0 0 1 0	6
@767 READ 4037842885 0x2e0 0 0 1 1 1 0 2 0	7
@768 READ 4037842861 0x280 0 0 1 0 0 0 2 0	4
@769 READ 4037842867 0x1a0 0 0 1 0 1 0 1 0	5
@770 READ 4037842887 0x3e0 0 0 1 1 1 0 3 0	7
@771 READ 4037842863 0x380 0 0 1 0 0 0 3 0	4
@772 READ 4037842869 0x2a0 0 0 1 0 1 0 2 0	5
@773 READ 4037842877 0x2c0 0 0 1 1 0 0 2 0	6
@774 READ 4037842871 0x3a0 0 0 1 0 1 0 3 0	5
@775 READ 4037842879 0x3c0 0 0 1 1 0 0 3 0	6
@776 READ 4037842913 0xe0 0 0 1 1 1 0 0 0	7
@777 READ 4037842889 0x80 0 0 1 0 0 0 0 0	4
@778 READ 4037842897 0xa0 0 0 1 0 1 0 0 0	5
@779 READ 4037842915 0x1e0 0 0 1 1 1 0 1 0	7
@780 READ 4037842891 0x180 0 0 1 0 0 0 1 0	4
@781 READ 4037842899 0x1a0 0 0 1 0 1 0 1 0	5
@782 READ 4037842905 0xc0 0 0 1 1 0 0 0 0	6
@783 READ 4037842901 0x2a0 0 0 1 0 1 0 2 0	5
@784 READ 4037842907 0x1c0 0 0 1 1 0 0 1 0	6
@785 READ 4037842917 0x2e0 0 0 1 1 1 0 2 0	7
@786 READ 4037842893 0x280 0 0 1 0 0 0 2 0	4
@787 READ 4037842909 0x2c0 0 0 1 1 0 0 2 0	6
@788 READ 4037842919 0x3e0 0 0 1 1 1 0 3 0	7
@789 READ 4037842895 0x380 0 0 1 0 0 0 3 0	4
@790 READ 4037842903 0x3a0 0 0 1 0 1 0 3 0	5
@791 READ 4037842911 0x3c0 0 0 1 1 0 0 3 0	6
@792 READ 4037842921 0x80 0 0 1 0 0 0 0 0	4
@793 READ 4037842937 0xc0 0 0 1 1 0 0 0 0	6
@794 READ 4037842945 0xe0 0 0 1 1 1 0 0 0	7
@795 READ 4037842923 0x180 0 0 1 0 0 0 1 0	4
@796 READ 4037842929 0xa0 0 0 1 0 1 0 0 0	5
@797 READ 4037842947 0x1e0 0 0 1 1 1 0 1 0	7
@798 READ 4037842925 0x280 0 0 1 0 0 0 2 0	4
@799 READ 4037842931 0x1a0 0 0 1 0 1 0 1 0	5
@800 READ 4037842939 0x1c0 0 0 1 1 0 0 1 0	6
@801 READ 4037842933 0x2a0 0 0 1 0 1 0 2 0	5
@802 READ 4037842941 0x2c0 0 0 1 1 0 0 2 0	6
@803 READ 4037842949 0x2e0 0 0 1 1 1 0 2 0	7
@804 READ 4037842927 0x380 0 0 1 0 0 0 3 0	4
@805 READ 4037842943 0x3c0 0 0 1 1 0 0 3 0	6
@806 READ 4037842951 0x3e0 0 0 1 1 1 0 3 0	7
@807 READ 4037842953 0x80 0 0 1 0 0 0 0 0	4
@808 READ 4037842935 0x3a0 0 0 1 0 1 0 3 0	5
@809 READ 4037842969 0xc0 0 0 1 1 0 0 0 0	6
@810 READ 4037842961 0xa0 0 0 1 0 1 0 0 0	5
@811 READ 4037842971 0x1c0 0 0 1 1 0 0 1 0	6
@812 READ 4037842977 0xe0 0 0 1 1 1 0 0 0	7
@813 READ 4037842955 0x180 0 0 1 0 0 0 1 0	4
@814 READ 4037842973 0x2c0 0 0 1 1 0 0 2 0	6
@815 READ 4037842979 0x1e0 0 0 1 1 1 0 1 0	7
@816 READ 4037842957 0x280 0 0 1 0 0 0 2 0	4
@817 READ 4037842963 0x1a0 0 0 1 0 1 0 1 0	5
@818 READ 4037842981 0x2e0 0 0 1 1 1 0 2 0	7
@819 READ 4037842959 0x380 0 0 1 0 0 0 3 0	4
@820 READ 4037842975 0x3c0 0 0 1 1 0 0 3 0	6
@821 READ 4037842983 0x3e0 0 0 1 1 1 0 3 0	7
@822 READ 4037842985 0x80 0 0 1 0 0 0 0 0	4
@823 READ 4037842965 0x2a0 0 0 1 0 1 0 2 0	5
@824 READ 4037843009 0xe0 0 0 1 1 1 0 0 0	7
@825 READ 4037842987 0x180 0 0 1 0 0 0 1 0	4
@826 READ 4037842967 0x3a0 0 0 1 0 1 0 3 0	5
@827 READ 4037843001 0xc0 0 0 1 1 0 0 0 0	6
@828 READ 4037842993 0xa0 0 0 1 0 1 0 0 0	5
@829 READ 4037843003 0x1c0 0 0 1 1 0 0 1 0	6
@830 READ 4037843011 0x1e0 0 0 1 1 1 0 1 0	7
@831 READ 4037842989 0x280 0 0 1 0 0 0 2 0	4
@832 READ 4037842995 0x1a0 0 0 1 0 1 0 1 0	5
@833 READ 4037843013 0x2e0 0 0 1 1 1 0 2 0	7
@834 READ 4037842991 0x380 0 0 1 0 0 0 3 0	4
@835 READ 4037842997 0x2a0 0 0 1 0 1 0 2 0	5
@836 READ 4037843005 0x2c0 0 0 1 1 0 0 2 0	6
@837 READ 4037842999 0x3a0 0 0 1 0 1 0 3 0	5
@838 READ 4037843007 0x3c0 0 0 1 1 0 0 3 0	6
@839 READ 4037843015 0x3e0 0 0 1 1 1 0 3 0	7
@840 READ 4037843017 0x80 0 0 1 0 0 0 0 0	4
@841 READ 4037843033 0xc0 0 0 1 1 0 0 0 0	6
@842 READ 4037843041 0xe0 0 0 1 1 1 0 0 0	7
@843 READ 4037843019 0x180 0 0 1 0 0 0 1 0	4
@844 READ 4037843025 0xa0 0 0 1 0 1 0 0 0	5
@845 READ 4037843043 0x1e0 0 0 1 1 1 0 1 0	7
@846 READ 4037843021 0x280 0 0 1 0 0 0 2 0	4
@847 READ 4037843035 0x1c0 0 0 1 1 0 0 1 0	6
@848 READ 4037843045 0x2e0 0 0 1 1 1 0 2 0	7
@849 READ 4037843023 0x380 0 0 1 0 0 0 3 0	4
@850 READ 4037843027 0x1a0 0 0 1 0 1 0 1 0	5
@851 READ 4037843047 0x3e0 0 0 1 1 1 0 3 0	7
@852 READ 4037843049 0x80 0 0 1 0 0 0 0 0	4
@853 READ 4037843029 0x2a0 0 0 1 0 1 0 2 0	5
@854 READ 4037843037 0x2c0 0 0 1 1 0 0 2 0	6
@855 READ 4037843031 0x3a0 0 0 1 0 1 0 3 0	5
@856 READ 4037843039 0x3c0 0 0 1 1 0 0 3 0	6
@857 READ 4037843073 0xe0 0 0 1 1 1 0 0 0	7
@858 READ 4037843051 0x180 0 0 1 0 0 0 1 0	4
@859 READ 4037843057 0xa0 0 0 1 0 1 0 0 0	5
@860 READ 4037843075 0x1e0 0 0 1 1 1 0 1 0	7
@861 READ 4037843053 0x280 0 0 1 0 0 0 2 0	4
@862 READ 4037843059 0x1a0 0 0 1 0 1 0 1 0	5
@863 READ 4037843065 0xc0 0 0 1 1 0 0 0 0	6
@864 READ 4037843061 0x2a0 0 0 1 0 1 0 2 0	5
@865 READ 4037843067 0x1c0 0 0 1 1 0 0 1 0	6
@866 READ 4037843077 0x2e0 0 0 1 1 1 0 2 0	7
@867 READ 4037843055 0x380 0 0 1 0 0 0 3 0	4
@868 READ 4037843069 0x2c0 0 0 1 1 0 0 2 0	6
@869 READ 4037843079 0x3e0 0 0 1 1 1 0 3 0	7
@870 READ 4037843081 0x80 0 0 1 0 0 0 0 0	4
@871 READ 4037843063 0x3a0 0 0 1 0 1 0 3 0	5
@872 READ 4037843071 0x3c0 0 0 1 1 0 0 3 0	6
@873 READ 4037843087 0xa0 0 0 1 0 1 0 0 0	5
@874 READ 4037843093 0xc0 0 0 1 1 0 0 0 0	6
@875 READ 4037843099 0xe0 0 0 1 1 1 0 0 0	7
@876 READ 4037843083 0x180 0 0 1 0 0 0 1 0	4
@877 READ 4037843089 0x1a0 0 0 1 0 1 0 1 0	5
@878 READ 4037843101 0x1e0 0 0 1 1 1 0 1 0	7
@879 READ 4037843160 0x280 0 0 1 0 0 0 2 0	4
@880 READ 4037843161 0x2a0 0 0 1 0 1 0 2 0	5
@881 READ 4037843095 0x1c0 0 0 1 1 0 0 1 0	6
@882 READ 4037843164 0x3a0 0 0 1 0 1 0 3 0	5
@883 READ 4037843162 0x2c0 0 0 1 1 0 0 2 0	6
@884 READ 4037843163 0x2e0 0 0 1 1 1 0 2 0	7
@885 READ 4037843168 0x380 0 0 1 0 0 0 3 0	4
@886 READ 4037843165 0x3c0 0 0 1 1 0 0 3 0	6
@887 READ 4037843166 0x3e0 0 0 1 1 1 0 3 0	7
@888 READ 4037843171 0x80 0 0 1 0 0 0 0 0	4
@889 READ 4037843172 0xa0 0 0 1 0 1 0 0 0	5
@890 READ 4037843169 0xc0 0 0 1 1 0 0 0 0	6
@891 READ 4037843176 0x1a0 0 0 1 0 1 0 1 0	5
@892 READ 4037843177 0x1c0 0 0 1 1 0 0 1 0	6
@893 READ 4037843170 0xe0 0 0 1 1 1 0 0 0	7
@894 READ 4037843175 0x180 0 0 1 0 0 0 1 0	4
@895 READ 4037843179 0x2c0 0 0 1 1 0 0 2 0	6
@896 READ 4037843173 0x1e0 0 0 1 1 1 0 1 0	7
@897 READ 4037843178 0x280 0 0 1 0 0 0 2 0	4
@898 READ 4037843183 0x2a0 0 0 1 0 1 0 2 0	5
@899 READ 4037843180 0x2e0 0 0 1 1 1 0 2 0	7
@900 READ 4037843182 0x380 0 0 1 0 0 0 3 0	4
@901 READ 4037843186 0x3c0 0 0 1 1 0 0 3 0	6
@902 READ 4037843184 0x3e0 0 0 1 1 1 0 3 0	7
@903 READ 4037843187 0x80 0 0 1 0 0 0 0 0	4
@904 READ 4037843185 0x3a0 0 0 1 0 1 0 3 0	5
@905 READ 4037843191 0xe0 0 0 1 1 1 0 0 0	7
@906 READ 4037843192 0x180 0 0 1 0 0 0 1 0	4
@907 READ 4037843189 0xa0 0 0 1 0 1 0 0 0	5
@908 READ 4037843190 0xc0 0 0 1 1 0 0 0 0	6
@909 READ 4037843193 0x1a0 0 0 1 0 1 0 1 0	5
@910 READ 4037843198 0x1c0 0 0 1 1 0 0 1 0	6
@911 READ 4037843194 0x1e0 0 0 1 1 1 0 1 0	7
@912 READ 4037843196 0x280 0 0 1 0 0 0 2 0	4
@913 READ 4037843197 0x2a0 0 0 1 0 1 0 2 0	5
@914 READ 4037843201 0x2e0 0 0 1 1 1 0 2 0	7
@915 READ 4037843203 0x380 0 0 1 0 0 0 3 0	4
@916 READ 4037843199 0x3a0 0 0 1 0 1 0 3 0	5
@917 READ 4037843200 0x2c0 0 0 1 1 0 0 2 0	6
@918 READ 4037843207 0xa0 0 0 1 0 1 0 0 0	5
@919 READ 4037843204 0x3c0 0 0 1 1 0 0 3 0	6
@920 READ 4037843205 0x3e0 0 0 1 1 1 0 3 0	7
@921 READ 4037843206 0x80 0 0 1 0 0 0 0 0	4
@922 READ 4037843208 0xc0 0 0 1 1 0 0 0 0	6
@923 READ 4037843212 0xe0 0 0 1 1 1 0 0 0	7
@924 READ 4037843213 0x180 0 0 1 0 0 0 1 0	4
@925 READ 4037843210 0x1a0 0 0 1 0 1 0 1 0	5
@926 READ 4037843215 0x1e0 0 0 1 1 1 0 1 0	7
@927 READ 4037843217 0x280 0 0 1 0 0 0 2 0	4
@928 READ 4037843211 0x1c0 0 0 1 1 0 0 1 0	6
@929 READ 4037843219 0x2e0 0 0 1 1 1 0 2 0	7
@930 READ 4037843224 0x380 0 0 1 0 0 0 3 0	4
@931 READ 4037843218 0x2a0 0 0 1 0 1 0 2 0	5
@932 READ 4037843222 0x3e0 0 0 1 1 1 0 3 0	7
@933 READ 4037843227 0x80 0 0 1 0 0 0 0 0	4
@934 READ 4037843220 0x3a0 0 0 1 0 1 0 3 0	5
@935 READ 4037843214 0x2c0 0 0 1 1 0 0 2 0	6
@936 READ 4037843225 0xa0 0 0 1 0 1 0 0 0	5
@937 READ 4037843221 0x3c0 0 0 1 1 0 0 3 0	6
@938 READ 4037843226 0xe0 0 0 1 1 1 0 0 0	7
@939 READ 4037843234 0x180 0 0 1 0 0 0 1 0	4
@940 READ 4037843228 0x1a0 0 0 1 0 1 0 1 0	5
@941 READ 4037843233 0x1e0 0 0 1 1 1 0 1 0	7
@942 READ 4037843238 0x280 0 0 1 0 0 0 2 0	4
@943 READ 4037843231 0x2a0 0 0 1 0 1 0 2 0	5
@944 READ 4037843229 0xc0 0 0 1 1 0 0 0 0	6
@945 READ 4037843239 0x3a0 0 0 1 0 1 0 3 0	5
@946 READ 4037843232 0x1c0 0 0 1 1 0 0 1 0	6
@947 READ 4037843236 0x2e0 0 0 1 1 1 0 2 0	7
@948 READ 4037843243 0x380 0 0 1 0 0 0 3 0	4
@949 READ 4037843235 0x2c0 0 0 1 1 0 0 2 0	6
@950 READ 4037843241 0x3e0 0 0 1 1 1 0 3 0	7
@951 READ 4037843244 0x80 0 0 1 0 0 0 0 0	4
@952 READ 4037843247 0xa0 0 0 1 0 1 0 0 0	5
@953 READ 4037843240 0x3c0 0 0 1 1 0 0 3 0	6
@954 READ 4037843251 0x1a0 0 0 1 0 1 0 1 0	5
@955 READ 4037843257 0xc0 0 0 1 1 0 0 0 0	6
@956 READ 4037843265 0xe0 0 0 1 1 1 0 0 0	7
@957 READ 4037843246 0x180 0 0 1 0 0 0 1 0	4
@958 READ 4037843253 0x2a0 0 0 1 0 1 0 2 0	5
@959 READ 4037843267 0x1e0 0 0 1 1 1 0 1 0	7
@960 READ 4037843248 0x280 0 0 1 0 0 0 2 0	4
@961 READ 4037843255 0x3a0 0 0 1 0 1 0 3 0	5
@962 READ 4037843259 0x1c0 0 0 1 1 0 0 1 0	6
@963 READ 4037843281 0xa0 0 0 1 0 1 0 0 0	5
@964 READ 4037843261 0x2c0 0 0 1 1 0 0 2 0	6
@965 READ 4037843269 0x2e0 0 0 1 1 1 0 2 0	7
@966 READ 4037843250 0x380 0 0 1 0 0 0 3 0	4
@967 READ 4037843263 0x3c0 0 0 1 1 0 0 3 0	6
@968 READ 4037843271 0x3e0 0 0 1 1 1 0 3 0	7
@969 READ 4037843273 0x80 0 0 1 0 0 0 0 0	4
@970 READ 4037843283 0x1a0 0 0 1 0 1 0 1 0	5
@971 READ 4037843289 0xc0 0 0 1 1 0 0 0 0	6
@972 READ 4037843285 0x2a0 0 0 1 0 1 0 2 0	5
@973 READ 4037843291 0x1c0 0 0 1 1 0 0 1 0	6
@974 READ 4037843297 0xe0 0 0 1 1 1 0 0 0	7
@975 READ 4037843275 0x180 0 0 1 0 0 0 1 0	4
@976 READ 4037843293 0x2c0 0 0 1 1 0 0 2 0	6
@977 READ 4037843299 0x1e0 0 0 1 1 1 0 1 0	7
@978 READ 4037843277 0x280 0 0 1 0 0 0 2 0	4
@979 READ 4037843287 0x3a0 0 0 1 0 1 0 3 0	5
@980 READ 4037843301 0x2e0 0 0 1 1 1 0 2 0	7
@981 READ 4037843279 0x380 0 0 1 0 0 0 3 0	4
@982 READ 4037843295 0x3c0 0 0 1 1 0 0 3 0	6
@983 READ 4037843303 0x3e0 0 0 1 1 1 0 3 0	7
@984 READ 4037843305 0x80 0 0 1 0 0 0 0 0	4
@985 READ 4037843313 0xa0 0 0 1 0 1 0 0 0	5
@986 READ 4037843329 0xe0 0 0 1 1 1 0 0 0	7
@987 READ 4037843307 0x180 0 0 1 0 0 0 1 0	4
@988 READ 4037843315 0x1a0 0 0 1 0 1 0 1 0	5
@989 READ 4037843321 0xc0 0 0 1 1 0 0 0 0	6
@990 READ 4037843317 0x2a0 0 0 1 0 1 0 2 0	5
@991 READ 4037843323 0x1c0 0 0 1 1 0 0 1 0	6
@992 READ 4037843331 0x1e0 0 0 1 1 1 0 1 0	7
@993 READ 4037843309 0x280 0 0 1 0 0 0 2 0	4
@994 READ 4037843325 0x2c0 0 0 1 1 0 0 2 0	6
@995 READ 4037843333 0x2e0 0 0 1 1 1 0 2 0	7
@996 READ 4037843311 0x380 0 0 1 0 0 0 3 0	4
@997 READ 4037843319 0x3a0 0 0 1 0 1 0 3 0	5
@998 READ 4037843327 0x3c0 0 0 1 1 0 0 3 0	6
@999 READ 4037843335 0x3e0 0 0 1 1 1 0 3 0	7
@1000 READ 4037843337 0x80 0 0 1 0 0 0 0 0	4
@1002 READ 4037843339 0x180 0 0 1 0 0 0 1 0	4
@1003 READ 4037843345 0xa0 0 0 1 0 1 0 0 0	5
@1004 READ 4037843341 0x280 0 0 1 0 0 0 2 0	4
@1006 READ 4037843343 0x380 0 0 1 0 0 0 3 0	4
@1007 READ 4037843347 0x1a0 0 0 1 0 1 0 1 0	5
@1009 READ 4037843349 0x2a0 0 0 1 0 1 0 2 0	5
@1011 READ 4037843351 0x3a0 0 0 1 0 1 0 3 0	5
@1012 READ 4037843353 0xc0 0 0 1 1 0 0 0 0	6
@1014 READ 4037843355 0x1c0 0 0 1 1 0 0 1 0	6
@1016 READ 4037843357 0x2c0 0 0 1 1 0 0 2 0	6
@1018 READ 4037843359 0x3c0 0 0 1 1 0 0 3 0	6
@1019 READ 4037843361 0xe0 0 0 1 1 1 0 0 0	7
@1021 READ 4037843363 0x1e0 0 0 1 1 1 0 1 0	7
@1023 READ 4037843365 0x2e0 0 0 1 1 1 0 2 0	7
@1025 READ 4037843367 0x3e0 0 0 1 1 1 0 3 0	7
@1026 READ 4037843369 0x80 0 0 1 0 0 0 0 0	4
@1028 READ 4037843371 0x180 0 0 1 0 0 0 1 0	4
@1030 READ 4037843373 0x280 0 0 1 0 0 0 2 0	4
@1032 READ 4037843375 0x380 0 0 1 0 0 0 3 0	4
@1033 READ 4037843377 0xa0 0 0 1 0 1 0 0 0	5
@1035 READ 4037843379 0x1a0 0 0 1 0 1 0 1 0	5
@1037 READ 4037843381 0x2a0 0 0 1 0 1 0 2 0	5
@1039 READ 4037843383 0x3a0 0 0 1 0 1 0 3 0	5
@1040 READ 4037843385 0xc0 0 0 1 1 0 0 0 0	6
@1042 READ 4037843387 0x1c0 0 0 1 1 0 0 1 0	6
@1044 READ 4037843389 0x2c0 0 0 1 1 0 0 2 0	6
@1046 READ 4037843391 0x3c0 0 0 1 1 0 0 3 0	6
@1047 READ 4037843393 0xe0 0 0 1 1 1 0 0 0	7
@1049 READ 4037843395 0x1e0 0 0 1 1 1 0 1 0	7
@1051 READ 4037843397 0x2e0 0 0 1 1 1 0 2 0	7
@1053 READ 4037843399 0x3e0 0 0 1 1 1 0 3 0	7
@1054 READ 4037843401 0x80 0 0 1 0 0 0 0 0	4
@1056 READ 4037843403 0x180 0 0 1 0 0 0 1 0	4
@1058 READ 4037843405 0x280 0 0 1 0 0 0 2 0	4
@1060 READ 4037843407 0x380 0 0 1 0 0 0 3 0	4
@1061 READ 4037843409 0xa0 0 0 1 0 1 0 0 0	5
@1063 READ 4037843411 0x1a0 0 0 1 0 1 0 1 0	5
@1065 READ 4037843413 0x2a0 0 0 1 0 1 0 2 0	5
@1067 READ 4037843415 0x3a0 0 0 1 0 1 0 3 0	5
@1068 READ 4037843417 0xc0 0 0 1 1 0 0 0 0	6
@1070 READ 4037843419 0x1c0 0 0 1 1 0 0 1 0	6
@1072 READ 4037843421 0x2c0 0 0 1 1 0 0 2 0	6
@1074 READ 4037843423 0x3c0 0 0 1 1 0 0 3 0	6
@1075 READ 4037843425 0xe0 0 0 1 1 1 0 0 0	7
@1077 READ 4037843427 0x1e0 0 0 1 1 1 0 1 0	7
@1079 READ 4037843429 0x2e0 0 0 1 1 1 0 2 0	7
@1081 READ 4037843431 0x3e0 0 0 1 1 1 0 3 0	7
@1082 READ 4037843433 0x80 0 0 1 0 0 0 0 0	4
@1084 READ 4037843435 0x180 0 0 1 0 0 0 1 0	4
@1086 READ 4037843437 0x280 0 0 1 0 0 0 2 0	4
@1088 READ 4037843439 0x380 0 0 1 0 0 0 3 0	4
@1089 READ 4037843441 0xa0 0 0 1 0 1 0 0 0	5
@1091 READ 4037843443 0x1a0 0 0 1 0 1 0 1 0	5
@1093 READ 4037843445 0x2a0 0 0 1 0 1 0 2 0	5
@1095 READ 4037843447 0x3a0 0 0 1 0 1 0 3 0	5
@1096 READ 4037843449 0xc0 0 0 1 1 0 0 0 0	6
@1098 READ 4037843451 0x1c0 0 0 1 1 0 0 1 0	6
