0 0 0.000520965
0 1 0.000134586
0 2 2.32228e-05
0 3 0
0 4 0.00028264
0 5 8.83775e-05
0 6 1.206e-07
0 7 0
0 8 0.000115569
0 9 2.88523e-05
0 10 1.8381e-06
0 11 2.12211e-05
0 12 3.19132e-05
0 13 4.29967e-05
0 14 1.64412e-05
0 15 5.15659e-05
0 16 4.03409e-05
0 17 7.87338e-05
0 18 5.13258e-05
0 19 6.70125e-05
0 20 0.000108416
0 21 2.90037e-05
0 22 1.0477e-06
0 23 0
0 24 0.000120882
0 25 6.72134e-05
0 26 1.09e-08
0 27 0
0 28 7.37144e-05
0 29 2.87233e-05
0 30 2.5074e-06
0 31 1.561e-07
0 32 2.82411e-05
0 33 4.16313e-05
0 34 1.49163e-05
0 35 3.00671e-05
0 36 2.89692e-05
0 37 2.93222e-05
0 38 2.63615e-05
0 39 4.21316e-05
0 40 0
1 0 0.000587487
1 1 0.000236284
1 2 6.17478e-05
1 3 0
1 4 0.000319266
1 5 0.000130995
1 6 3.207e-07
1 7 0
1 8 0.000127708
1 9 7.077e-05
1 10 2.05822e-05
1 11 2.22948e-05
1 12 9.20144e-05
1 13 5.96966e-05
1 14 6.24021e-05
1 15 9.49641e-05
1 16 8.994e-05
1 17 0.000106362
1 18 9.02499e-05
1 19 0.000102832
1 20 0.000145029
1 21 7.15985e-05
1 22 1.929e-06
1 23 0
1 24 0.000206759
1 25 9.09727e-05
1 26 2.01e-08
1 27 0
1 28 0.000119475
1 29 7.06224e-05
1 30 2.20527e-05
1 31 3.819e-07
1 32 6.74145e-05
1 33 5.76189e-05
1 34 4.25085e-05
1 35 3.64244e-05
1 36 5.23128e-05
1 37 5.03959e-05
1 38 6.14802e-05
1 39 5.59355e-05
1 40 0
2 0 0.000652926
2 1 0.000416672
2 2 0.000119889
2 3 0
2 4 0.000419315
2 5 0.00017801
2 6 1.83185e-05
2 7 0
2 8 0.000190754
2 9 7.51731e-05
2 10 3.5981e-06
2 11 2.38735e-05
2 12 6.33959e-05
2 13 5.30538e-05
2 14 2.42801e-05
2 15 6.27369e-05
2 16 5.39398e-05
2 17 7.67992e-05
2 18 8.30699e-05
2 19 8.17493e-05
2 20 0.000229763
2 21 0.000136972
2 22 3.4346e-06
2 23 0
2 24 0.00028573
2 25 0.000136211
2 26 3.59e-08
2 27 0
2 28 0.000128766
2 29 7.50362e-05
2 30 2.32408e-05
2 31 7.292e-07
2 32 5.82852e-05
2 33 5.19724e-05
2 34 4.01141e-05
2 35 3.82215e-05
2 36 4.12158e-05
2 37 4.22328e-05
2 38 3.83531e-05
2 39 5.46028e-05
2 40 0
3 0 0.000374147
3 1 0.000253924
3 2 9.76087e-05
3 3 0
3 4 0.000222403
3 5 0.000111843
3 6 3.58987e-05
3 7 0
3 8 0.000110893
3 9 7.3491e-05
3 10 3.92991e-05
3 11 3.91606e-05
3 12 0.000114066
3 13 9.18905e-05
3 14 0.00010868
3 15 0.000117219
3 16 0.000136395
3 17 0.000131013
3 18 0.000128962
3 19 0.000172175
3 20 0.000105419
3 21 7.39943e-05
3 22 2.01166e-05
3 23 0
3 24 0.000151373
3 25 8.99829e-05
3 26 1.79983e-05
3 27 0
3 28 8.57797e-05
3 29 5.58063e-05
3 30 2.34624e-05
3 31 4.888e-07
3 32 6.82637e-05
3 33 8.89288e-05
3 34 6.97975e-05
3 35 5.83028e-05
3 36 7.15833e-05
3 37 6.79459e-05
3 38 7.75416e-05
3 39 6.69727e-05
3 40 0
4 0 6.12065e-05
4 1 2.097e-06
4 2 3.618e-07
4 3 0
4 4 4.4038e-06
4 5 1.377e-06
4 6 1.9e-09
4 7 0
4 8 1.8007e-06
4 9 4.495e-07
4 10 2.86e-08
4 11 3.306e-07
4 12 4.972e-07
4 13 6.699e-07
4 14 2.562e-07
4 15 8.034e-07
4 16 6.286e-07
4 17 1.2268e-06
4 18 7.997e-07
4 19 1.0441e-06
4 20 1.6892e-06
4 21 4.519e-07
4 22 1.63e-08
4 23 0
4 24 1.8835e-06
4 25 1.0473e-06
4 26 2e-10
4 27 0
4 28 1.1485e-06
4 29 4.475e-07
4 30 3.91e-08
4 31 2.4e-09
4 32 4.4e-07
4 33 6.487e-07
4 34 2.324e-07
4 35 4.685e-07
4 36 4.514e-07
4 37 4.569e-07
4 38 4.107e-07
4 39 6.565e-07
4 40 0
5 0 0.000129467
5 1 4.20727e-05
5 2 1.3707e-06
5 3 0
5 4 6.52818e-05
5 5 4.1361e-06
5 6 7.1e-09
5 7 0
5 8 7.0837e-06
5 9 3.1664e-06
5 10 5.665e-07
5 11 8.98e-07
5 12 1.23687e-05
5 13 8.6352e-06
5 14 5.4214e-06
5 15 4.7538e-06
5 16 3.44267e-05
5 17 1.57062e-05
5 18 2.89952e-05
5 19 2.74538e-05
5 20 4.9139e-06
5 21 1.6546e-06
5 22 5.3e-08
5 23 0
5 24 5.944e-06
5 25 3.0558e-06
5 26 6e-10
5 27 0
5 28 5.2097e-06
5 29 3.0556e-06
5 30 7.723e-07
5 31 8.9e-09
5 32 1.01832e-05
5 33 7.9883e-06
5 34 4.5955e-06
5 35 3.0021e-06
5 36 1.00652e-05
5 37 8.921e-06
5 38 7.6482e-06
5 39 6.0258e-06
5 40 0
6 0 0.000258537
6 1 0.000163016
6 2 2.22732e-05
6 3 0
6 4 0.000142195
6 5 6.58687e-05
6 6 1.157e-07
6 7 0
6 8 7.54209e-05
6 9 1.13185e-05
6 10 2.2089e-06
6 11 2.305e-06
6 12 5.9728e-05
6 13 4.77447e-05
6 14 3.76004e-05
6 15 5.10456e-05
6 16 7.24608e-05
6 17 8.72986e-05
6 18 7.51713e-05
6 19 8.76205e-05
6 20 6.37958e-05
6 21 4.52731e-05
6 22 1.0701e-06
6 23 0
6 24 9.5245e-05
6 25 4.57161e-05
6 26 1.12e-08
6 27 0
6 28 5.32422e-05
6 29 2.87847e-05
6 30 3.1047e-06
6 31 2.407e-07
6 32 3.59819e-05
6 33 4.56382e-05
6 34 3.56555e-05
6 35 1.19967e-05
6 36 3.64592e-05
6 37 3.49184e-05
6 38 3.0824e-05
6 39 4.2999e-05
6 40 0
7 0 0.00028741
7 1 0.000169002
7 2 5.9152e-05
7 3 0
7 4 0.000148801
7 5 6.85346e-05
7 6 1.80031e-05
7 7 0
7 8 8.07848e-05
7 9 4.93822e-05
7 10 2.03007e-05
7 11 2.03735e-05
7 12 7.3507e-05
7 13 5.70475e-05
7 14 6.12014e-05
7 15 5.46018e-05
7 16 0.000107365
7 17 0.000102345
7 18 8.65063e-05
7 19 0.000114797
7 20 6.75165e-05
7 21 4.70983e-05
7 22 1.1194e-06
7 23 0
7 24 0.000117081
7 25 4.77327e-05
7 26 1.17e-08
7 27 0
7 28 5.75679e-05
7 29 3.16364e-05
7 30 3.9058e-06
7 31 2.504e-07
7 32 6.64961e-05
7 33 5.50106e-05
7 34 4.12046e-05
7 35 3.29193e-05
7 36 5.16804e-05
7 37 4.79764e-05
7 38 5.88782e-05
7 39 5.0914e-05
7 40 0
8 0 0
8 1 0
8 2 0
8 3 0
8 4 0
8 5 0
8 6 0
8 7 0
8 8 0
8 9 0
8 10 0
8 11 0
8 12 0
8 13 0
8 14 0
8 15 0
8 16 0
8 17 0
8 18 0
8 19 0
8 20 0
8 21 0
8 22 0
8 23 0
8 24 0
8 25 0
8 26 0
8 27 0
8 28 0
8 29 0
8 30 0
8 31 0
8 32 0
8 33 0
8 34 0
8 35 0
8 36 0
8 37 0
8 38 0
8 39 0
8 40 0
9 0 0
9 1 0
9 2 0
9 3 0
9 4 0
9 5 0
9 6 0
9 7 0
9 8 0
9 9 0
9 10 0
9 11 0
9 12 0
9 13 0
9 14 0
9 15 0
9 16 0
9 17 0
9 18 0
9 19 0
9 20 0
9 21 0
9 22 0
9 23 0
9 24 0
9 25 0
9 26 0
9 27 0
9 28 0
9 29 0
9 30 0
9 31 0
9 32 0
9 33 0
9 34 0
9 35 0
9 36 0
9 37 0
9 38 0
9 39 0
9 40 0
10 0 2.04031e-05
10 1 6.99e-07
10 2 1.206e-07
10 3 0
10 4 1.4681e-06
10 5 4.59e-07
10 6 6e-10
10 7 0
10 8 1.9242e-06
10 9 1.1276e-06
10 10 2.738e-07
10 11 1.102e-07
10 12 6.3588e-06
10 13 4.5872e-06
10 14 3.085e-06
10 15 1.7834e-06
10 16 8.8368e-06
10 17 2.60019e-05
10 18 6.179e-06
10 19 2.28489e-05
10 20 5.65e-07
10 21 1.507e-07
10 22 5.5e-09
10 23 0
10 24 6.28e-07
10 25 3.491e-07
10 26 1e-10
10 27 0
10 28 1.3998e-06
10 29 1.1175e-06
10 30 3.293e-07
10 31 8e-10
10 32 5.3663e-06
10 33 4.0424e-06
10 34 2.6341e-06
10 35 1.3938e-06
10 36 5.4455e-06
10 37 5.1012e-06
10 38 4.2406e-06
10 39 3.1568e-06
10 40 0
11 0 4.38597e-05
11 1 2.03212e-05
11 2 5.619e-07
11 3 0
11 4 4.5945e-06
11 5 1.5985e-06
11 6 2.9e-09
11 7 0
11 8 8.2406e-06
11 9 5.0582e-06
11 10 1.016e-06
11 11 3.362e-07
11 12 3.18475e-05
11 13 2.08295e-05
11 14 3.07766e-05
11 15 6.7841e-06
11 16 7.94083e-05
11 17 7.23794e-05
11 18 6.11969e-05
11 19 5.53281e-05
11 20 1.8873e-06
11 21 6.734e-07
11 22 2.09e-08
11 23 0
11 24 2.3302e-06
11 25 1.1708e-06
11 26 2e-10
11 27 0
11 28 6.1977e-06
11 29 4.8464e-06
11 30 1.4461e-06
11 31 3.6e-09
11 32 2.68764e-05
11 33 1.8897e-05
11 34 1.16822e-05
11 35 5.6984e-06
11 36 2.71196e-05
11 37 2.43712e-05
11 38 2.04123e-05
11 39 3.23107e-05
11 40 0
12 0 2.1e-09
12 1 1e-10
12 2 0
12 3 0
12 4 3e-10
12 5 1e-10
12 6 0
12 7 0
12 8 1.27654e-05
12 9 6.7797e-06
12 10 3.366e-07
12 11 0
12 12 0.000134302
12 13 6.83882e-05
12 14 1.56239e-05
12 15 4.6021e-06
12 16 0.000252489
12 17 0.00013113
12 18 4.78386e-05
12 19 1.85633e-05
12 20 4.3e-09
12 21 1e-10
12 22 0
12 23 0
12 24 4e-10
12 25 1e-10
12 26 0
12 27 0
12 28 9.3913e-06
12 29 6.6595e-06
12 30 7.134e-07
12 31 0
12 32 7.04611e-05
12 33 4.74554e-05
12 34 1.41114e-05
12 35 3.5037e-06
12 36 7.33663e-05
12 37 5.75521e-05
12 38 2.4711e-05
12 39 1.38469e-05
12 40 0
13 0 3.1e-09
13 1 1e-10
13 2 0
13 3 0
13 4 4e-10
13 5 1e-10
13 6 0
13 7 0
13 8 8.2602e-06
13 9 4.9892e-06
13 10 4.93e-07
13 11 0
13 12 9.48347e-05
13 13 4.15165e-05
13 14 1.26129e-05
13 15 4.5308e-06
13 16 0.000129826
13 17 9.54165e-05
13 18 4.21487e-05
13 19 3.43272e-05
13 20 5.6e-09
13 21 2e-10
13 22 0
13 23 0
13 24 5e-10
13 25 1e-10
13 26 0
13 27 0
13 28 6.4934e-06
13 29 4.9722e-06
13 30 9.138e-07
13 31 0
13 32 7.13601e-05
13 33 3.9747e-05
13 34 1.1541e-05
13 35 4.0182e-06
13 36 3.96387e-05
13 37 4.87157e-05
13 38 3.88697e-05
13 39 1.31405e-05
13 40 0
14 0 9.7e-09
14 1 4e-10
14 2 1e-10
14 3 0
14 4 1.2e-09
14 5 4e-10
14 6 0
14 7 0
14 8 1.97052e-05
14 9 1.25836e-05
14 10 1.5622e-06
14 11 1e-10
14 12 0.00016888
14 13 0.000111025
14 14 5.02401e-05
14 15 1.28479e-05
14 16 0.000275864
14 17 0.000190093
14 18 0.000134624
14 19 0.000115981
14 20 1.66e-08
14 21 5e-10
14 22 1e-10
14 23 0
14 24 1.5e-09
14 25 4e-10
14 26 0
14 27 0
14 28 1.6186e-05
14 29 1.23494e-05
14 30 2.7263e-06
14 31 0
14 32 0.000122599
14 33 9.03703e-05
14 34 2.97645e-05
14 35 1.14938e-05
14 36 0.000133263
14 37 0.00011237
14 38 8.95263e-05
14 39 3.44179e-05
14 40 0
15 0 2.95e-08
15 1 1.3e-09
15 2 2e-10
15 3 0
15 4 3.4e-09
15 5 1.2e-09
15 6 0
15 7 0
15 8 5.14302e-05
15 9 2.39961e-05
15 10 4.7765e-06
15 11 2e-10
15 12 0.000259901
15 13 0.000201643
15 14 0.000141704
15 15 0.000103471
15 16 0.000347866
15 17 0.000314941
15 18 0.000315796
15 19 0.000282513
15 20 4.52e-08
15 21 1.5e-09
15 22 3e-10
15 23 0
15 24 4.3e-09
15 25 1.2e-09
15 26 0
15 27 0
15 28 2.80866e-05
15 29 2.33669e-05
15 30 7.4276e-06
15 31 0
15 32 0.000207698
15 33 0.000179356
15 34 0.00013773
15 35 6.76134e-05
15 36 0.000190207
15 37 0.000187618
15 38 0.000194672
15 39 0.00017734
15 40 0
16 0 1.93e-08
16 1 9e-10
16 2 1e-10
16 3 0
16 4 2.4e-09
16 5 8e-10
16 6 0
16 7 0
16 8 0.000161265
16 9 7.67754e-05
16 10 3.0992e-06
16 11 1e-10
16 12 0.000790261
16 13 0.00037615
16 14 0.000170112
16 15 4.93729e-05
16 16 0.00119834
16 17 0.000701661
16 18 0.00031436
16 19 0.000177101
16 20 3.64e-08
16 21 1.2e-09
16 22 2e-10
16 23 0
16 24 3.3e-09
16 25 9e-10
16 26 0
16 27 0
16 28 0.000111398
16 29 7.64033e-05
16 30 5.9924e-06
16 31 0
16 32 0.000609334
16 33 0.000331953
16 34 0.000146421
16 35 2.93241e-05
16 36 0.000587653
16 37 0.00039526
16 38 0.000242729
16 39 0.000121267
16 40 0
17 0 2.79e-08
17 1 1.3e-09
17 2 2e-10
17 3 0
17 4 3.3e-09
17 5 1.2e-09
17 6 0
17 7 0
17 8 0.000138288
17 9 7.66047e-05
17 10 4.4924e-06
17 11 2e-10
17 12 0.000621244
17 13 0.000371709
17 14 0.000193208
17 15 5.52541e-05
17 16 0.000957469
17 17 0.000709483
17 18 0.00037884
17 19 0.000263018
17 20 4.78e-08
17 21 1.6e-09
17 22 3e-10
17 23 0
17 24 4.4e-09
17 25 1.3e-09
17 26 0
17 27 0
17 28 9.01087e-05
17 29 7.60437e-05
17 30 7.8665e-06
17 31 0
17 32 0.000516069
17 33 0.00029251
17 34 0.000169372
17 35 3.60309e-05
17 36 0.000489222
17 37 0.000408354
17 38 0.000270836
17 39 0.000169487
17 40 0
18 0 4.77e-08
18 1 2.8e-09
18 2 3e-10
18 3 0
18 4 8.5e-09
18 5 3.1e-09
18 6 0
18 7 0
18 8 0.000131808
18 9 0.000105257
18 10 7.3214e-06
18 11 3e-10
18 12 0.000643094
18 13 0.000438612
18 14 0.000265192
18 15 0.000127662
18 16 0.000895639
18 17 0.000822647
18 18 0.000610869
18 19 0.000428719
18 20 1.832e-07
18 21 5.6e-09
18 22 1.1e-09
18 23 0
18 24 1.53e-08
18 25 3.9e-09
18 26 0
18 27 0
18 28 0.00010132
18 29 8.66109e-05
18 30 3.04139e-05
18 31 0
18 32 0.000556859
18 33 0.000394982
18 34 0.000240331
18 35 9.17924e-05
18 36 0.000540258
18 37 0.000499829
18 38 0.000428239
18 39 0.000276141
18 40 0
19 0 2.844e-07
19 1 1.17e-08
19 2 1.7e-09
19 3 0
19 4 2.94e-08
19 5 1e-08
19 6 0
19 7 0
19 8 0.000116655
19 9 0.000111656
19 10 4.63854e-05
19 11 1.5e-09
19 12 0.000571218
19 13 0.000468554
19 14 0.000384367
19 15 0.000236565
19 16 0.000703703
19 17 0.000811082
19 18 0.000759583
19 19 0.000662172
19 20 3.25e-07
19 21 1.12e-08
19 22 1.9e-09
19 23 0
19 24 3.28e-08
19 25 1.02e-08
19 26 0
19 27 0
19 28 0.000105715
19 29 0.000110408
19 30 5.30275e-05
19 31 1e-10
19 32 0.000488968
19 33 0.000444225
19 34 0.000322901
19 35 0.000202276
19 36 0.00053033
19 37 0.000544546
19 38 0.00051932
19 39 0.000396223
19 40 0
20 0 8.23041e-05
20 1 2.74606e-05
20 2 8.828e-07
20 3 0
20 4 0.000116342
20 5 4.58702e-05
20 6 4.6e-09
20 7 0
20 8 9.18572e-05
20 9 4.68299e-05
20 10 1.0483e-06
20 11 5.746e-07
20 12 2.12553e-05
20 13 1.52099e-05
20 14 1.07647e-05
20 15 5.848e-06
20 16 2.00254e-05
20 17 2.01708e-05
20 18 1.61896e-05
20 19 1.38231e-05
20 20 0.000519382
20 21 0.000113348
20 22 2.28734e-05
20 23 0
20 24 0.000300298
20 25 6.69598e-05
20 26 2.388e-07
20 27 0
20 28 0.000111804
20 29 4.69821e-05
20 30 1.8419e-06
20 31 7.075e-07
20 32 2.38049e-05
20 33 1.7507e-05
20 34 1.20635e-05
20 35 3.03191e-05
20 36 3.13061e-05
20 37 7.00936e-05
20 38 4.52497e-05
20 39 6.1937e-05
20 40 0
21 0 0.000139313
21 1 7.12085e-05
21 2 1.892e-06
21 3 0
21 4 0.000187513
21 5 7.05679e-05
21 6 9.8e-09
21 7 0
21 8 0.000123327
21 9 7.25648e-05
21 10 2.2831e-06
21 11 1.1032e-06
21 12 6.54572e-05
21 13 5.16221e-05
21 14 4.12165e-05
21 15 3.11212e-05
21 16 4.7359e-05
21 17 4.59968e-05
21 18 3.727e-05
21 19 4.96619e-05
21 20 0.000614138
21 21 0.000254362
21 22 6.21832e-05
21 23 0
21 24 0.000325198
21 25 0.000110958
21 26 6.493e-07
21 27 0
21 28 0.000125917
21 29 7.28432e-05
21 30 2.16489e-05
21 31 1.93399e-05
21 32 8.78173e-05
21 33 5.58096e-05
21 34 6.11402e-05
21 35 9.48409e-05
21 36 8.60558e-05
21 37 0.00010323
21 38 9.02085e-05
21 39 0.000103445
21 40 0
22 0 0.000198926
22 1 0.000116426
22 2 2.9388e-06
22 3 0
22 4 0.000261114
22 5 0.000131517
22 6 1.53e-08
22 7 0
22 8 0.000132329
22 9 7.68088e-05
22 10 2.03338e-05
22 11 1.653e-06
22 12 6.12187e-05
22 13 3.19356e-05
22 14 4.05908e-05
22 15 3.29799e-05
22 16 4.3616e-05
22 17 4.28678e-05
22 18 5.28783e-05
22 19 3.1602e-05
22 20 0.000658829
22 21 0.00041675
22 22 0.000120022
22 23 0
22 24 0.000404281
22 25 0.000173825
22 26 3.68297e-05
22 27 0
22 28 0.000152207
22 29 7.71803e-05
22 30 4.9236e-06
22 31 2.04836e-05
22 32 6.54318e-05
22 33 5.25745e-05
22 34 2.50208e-05
22 35 6.3264e-05
22 36 7.47593e-05
22 37 6.13686e-05
22 38 8.75661e-05
22 39 0.000104134
22 40 0
23 0 7.95959e-05
23 1 7.1566e-05
23 2 1.98432e-05
23 3 0
23 4 0.000147349
23 5 8.69948e-05
23 6 1.031e-07
23 7 0
23 8 8.6962e-05
23 9 5.5285e-05
23 10 2.07643e-05
23 11 8.881e-07
23 12 8.19023e-05
23 13 8.06184e-05
23 14 6.66898e-05
23 15 5.17113e-05
23 16 6.40243e-05
23 17 6.08878e-05
23 18 4.9915e-05
23 19 5.93688e-05
23 20 0.000396616
23 21 0.000253918
23 22 9.77328e-05
23 23 0
23 24 0.000224411
23 25 9.15341e-05
23 26 3.6597e-05
23 27 0
23 28 8.9167e-05
23 29 7.35617e-05
23 30 4.02813e-05
23 31 3.72181e-05
23 32 0.000106014
23 33 8.61982e-05
23 34 8.73614e-05
23 35 0.000116591
23 36 0.000127375
23 37 0.000121867
23 38 0.000124703
23 39 0.00015139
23 40 0
24 0 1.7098e-06
24 1 5.705e-07
24 2 1.83e-08
24 3 0
24 4 2.4169e-06
24 5 9.529e-07
24 6 1e-10
24 7 0
24 8 1.9082e-06
24 9 9.728e-07
24 10 2.18e-08
24 11 1.19e-08
24 12 4.416e-07
24 13 3.16e-07
24 14 2.236e-07
24 15 1.215e-07
24 16 4.16e-07
24 17 4.19e-07
24 18 3.363e-07
24 19 2.872e-07
24 20 8.15732e-05
24 21 2.3547e-06
24 22 4.752e-07
24 23 0
24 24 6.2384e-06
24 25 1.391e-06
24 26 5e-09
24 27 0
24 28 2.3226e-06
24 29 9.76e-07
24 30 3.83e-08
24 31 1.47e-08
24 32 4.945e-07
24 33 3.637e-07
24 34 2.506e-07
24 35 6.298e-07
24 36 6.504e-07
24 37 1.4561e-06
24 38 9.4e-07
24 39 1.2867e-06
24 40 0
25 0 4.764e-06
25 1 1.9742e-06
25 2 5.73e-08
25 3 0
25 4 6.5849e-06
25 5 2.5438e-06
25 6 3e-10
25 7 0
25 8 6.6298e-06
25 9 4.0493e-06
25 10 4.018e-07
25 11 3.53e-08
25 12 1.13388e-05
25 13 8.0407e-06
25 14 5.668e-06
25 15 2.4116e-06
25 16 1.05276e-05
25 17 1.02521e-05
25 18 8.2145e-06
25 19 6.7155e-06
25 20 0.000133203
25 21 6.06214e-05
25 22 1.6891e-06
25 23 0
25 24 6.76114e-05
25 25 3.8371e-06
25 26 1.76e-08
25 27 0
25 28 7.5771e-06
25 29 4.1719e-06
25 30 9.16e-07
25 31 3.236e-07
25 32 1.2989e-05
25 33 9.308e-06
25 34 6.5e-06
25 35 2.32395e-05
25 36 1.73715e-05
25 37 3.52429e-05
25 38 3.18148e-05
25 39 3.01335e-05
25 40 0
26 0 6.22469e-05
26 1 4.52942e-05
26 2 1.0621e-06
26 3 0
26 4 0.000112687
26 5 4.45237e-05
26 6 5.5e-09
26 7 0
26 8 5.52882e-05
26 9 1.15498e-05
26 10 1.4756e-06
26 11 5.64e-07
26 12 3.42873e-05
26 13 4.16131e-05
26 14 3.40373e-05
26 15 8.1306e-06
26 16 3.28522e-05
26 17 3.1388e-05
26 18 2.47797e-05
26 19 2.06067e-05
26 20 0.000282482
26 21 0.000164309
26 22 2.25184e-05
26 23 0
26 24 0.000146023
26 25 6.49179e-05
26 26 1.80234e-05
26 27 0
26 28 7.45492e-05
26 29 2.95992e-05
26 30 2.7347e-06
26 31 9.703e-07
26 32 5.66729e-05
26 33 4.51505e-05
26 34 3.60576e-05
26 35 5.10859e-05
26 36 6.93523e-05
26 37 8.45149e-05
26 38 7.4815e-05
26 39 8.75487e-05
26 40 0
27 0 6.40152e-05
27 1 4.64998e-05
27 2 1.091e-06
27 3 0
27 4 9.7706e-05
27 5 4.58933e-05
27 6 5.7e-09
27 7 0
27 8 5.83885e-05
27 9 3.11544e-05
27 10 1.7753e-06
27 11 5.796e-07
27 12 6.08295e-05
27 13 4.70188e-05
27 14 1.96518e-05
27 15 2.75286e-05
27 16 4.32208e-05
27 17 4.00099e-05
27 18 4.90203e-05
27 19 2.5292e-05
27 20 0.000290076
27 21 0.000168756
27 22 5.91645e-05
27 23 0
27 24 0.000167976
27 25 6.67337e-05
27 26 1.8406e-05
27 27 0
27 28 7.76829e-05
27 29 4.91126e-05
27 30 2.07219e-05
27 31 1.88796e-05
27 32 6.56249e-05
27 33 3.33694e-05
27 34 5.72648e-05
27 35 5.29337e-05
27 36 9.86472e-05
27 37 9.30882e-05
27 38 8.11116e-05
27 39 9.27938e-05
27 40 0
28 0 0
28 1 0
28 2 0
28 3 0
28 4 0
28 5 0
28 6 0
28 7 0
28 8 0
28 9 0
28 10 0
28 11 0
28 12 0
28 13 0
28 14 0
28 15 0
28 16 0
28 17 0
28 18 0
28 19 0
28 20 0
28 21 0
28 22 0
28 23 0
28 24 0
28 25 0
28 26 0
28 27 0
28 28 0
28 29 0
28 30 0
28 31 0
28 32 0
28 33 0
28 34 0
28 35 0
28 36 0
28 37 0
28 38 0
28 39 0
28 40 0
29 0 0
29 1 0
29 2 0
29 3 0
29 4 0
29 5 0
29 6 0
29 7 0
29 8 0
29 9 0
29 10 0
29 11 0
29 12 0
29 13 0
29 14 0
29 15 0
29 16 0
29 17 0
29 18 0
29 19 0
29 20 0
29 21 0
29 22 0
29 23 0
29 24 0
29 25 0
29 26 0
29 27 0
29 28 0
29 29 0
29 30 0
29 31 0
29 32 0
29 33 0
29 34 0
29 35 0
29 36 0
29 37 0
29 38 0
29 39 0
29 40 0
30 0 4.291e-07
30 1 1.427e-07
30 2 4.6e-09
30 3 0
30 4 6.044e-07
30 5 2.383e-07
30 6 0
30 7 0
30 8 1.5684e-06
30 9 1.121e-06
30 10 2.75e-07
30 11 3e-09
30 12 5.7235e-06
30 13 3.8938e-06
30 14 2.763e-06
30 15 1.0141e-06
30 16 5.3539e-06
30 17 5.2795e-06
30 18 4.1463e-06
30 19 3.1956e-06
30 20 2.03953e-05
30 21 5.887e-07
30 22 1.188e-07
30 23 0
30 24 1.5598e-06
30 25 3.478e-07
30 26 1.2e-09
30 27 0
30 28 1.6722e-06
30 29 1.1342e-06
30 30 3.337e-07
30 31 3.7e-09
30 32 6.3241e-06
30 33 4.5869e-06
30 34 3.1108e-06
30 35 1.9899e-06
30 36 8.7411e-06
30 37 2.58153e-05
30 38 6.6782e-06
30 39 2.31499e-05
30 40 0
31 0 1.584e-06
31 1 6.553e-07
31 2 1.9e-08
31 3 0
31 4 2.1829e-06
31 5 8.432e-07
31 6 1e-10
31 7 0
31 8 7.0187e-06
31 9 4.955e-06
31 10 9.322e-07
31 11 1.17e-08
31 12 2.72961e-05
31 13 1.81992e-05
31 14 1.19945e-05
31 15 4.6351e-06
31 16 2.67267e-05
31 17 2.50306e-05
31 18 1.95733e-05
31 19 3.274e-05
31 20 4.39842e-05
31 21 2.01945e-05
31 22 5.606e-07
31 23 0
31 24 4.8089e-06
31 25 1.272e-06
31 26 5.9e-09
31 27 0
31 28 7.7511e-06
31 29 5.1789e-06
31 30 1.4614e-06
31 31 1.078e-07
31 32 3.1251e-05
31 33 2.12425e-05
31 34 3.08619e-05
31 35 7.6603e-06
31 36 7.89921e-05
31 37 7.18364e-05
31 38 6.26618e-05
31 39 5.63999e-05
31 40 0
32 0 2.3e-09
32 1 1e-10
32 2 0
32 3 0
32 4 3e-10
32 5 1e-10
32 6 0
32 7 0
32 8 1.1047e-05
32 9 6.7235e-06
32 10 3.695e-07
32 11 0
32 12 8.84955e-05
32 13 4.63602e-05
32 14 1.44519e-05
32 15 3.0776e-06
32 16 7.34857e-05
32 17 5.86722e-05
32 18 2.41308e-05
32 19 1.53202e-05
32 20 4.6e-09
32 21 1e-10
32 22 0
32 23 0
32 24 4e-10
32 25 1e-10
32 26 0
32 27 0
32 28 1.19828e-05
32 29 6.8604e-06
32 30 7.57e-07
32 31 0
32 32 0.000134413
32 33 7.06363e-05
32 34 1.59655e-05
32 35 5.7444e-06
32 36 0.000253442
32 37 0.00013179
32 38 5.04787e-05
32 39 2.02502e-05
32 40 0
33 0 3.4e-09
33 1 2e-10
33 2 0
33 3 0
33 4 4e-10
33 5 2e-10
33 6 0
33 7 0
33 8 7.8008e-06
33 9 5.3042e-06
33 10 5.508e-07
33 11 0
33 12 5.61568e-05
33 13 4.06875e-05
33 14 1.29865e-05
33 15 3.8193e-06
33 16 4.06025e-05
33 17 5.11033e-05
33 18 3.99041e-05
33 19 1.53564e-05
33 20 6.6e-09
33 21 2e-10
33 22 0
33 23 0
33 24 6e-10
33 25 2e-10
33 26 0
33 27 0
33 28 8.3446e-06
33 29 5.4342e-06
33 30 1.0953e-06
33 31 0
33 32 9.75502e-05
33 33 4.46625e-05
33 34 1.40835e-05
33 35 6.1746e-06
33 36 0.000134104
33 37 9.93414e-05
33 38 6.49346e-05
33 39 3.76723e-05
33 40 0
34 0 1.14e-08
34 1 5e-10
34 2 1e-10
34 3 0
34 4 1.3e-09
34 5 5e-10
34 6 0
34 7 0
34 8 1.7947e-05
34 9 1.22319e-05
34 10 1.8394e-06
34 11 1e-10
34 12 0.000142239
34 13 8.99949e-05
34 14 3.1916e-05
34 15 1.08205e-05
34 16 0.000134374
34 17 0.000116705
34 18 9.07363e-05
34 19 5.69251e-05
34 20 1.85e-08
34 21 6e-10
34 22 1e-10
34 23 0
34 24 1.7e-09
34 25 5e-10
34 26 0
34 27 0
34 28 1.80378e-05
34 29 1.24908e-05
34 30 3.0408e-06
34 31 0
34 32 0.000150043
34 33 0.00011421
34 34 6.94873e-05
34 35 1.59066e-05
34 36 0.000254962
34 37 0.000189299
34 38 0.000140583
34 39 0.000120163
34 40 0
35 0 2.72e-08
35 1 1.2e-09
35 2 2e-10
35 3 0
35 4 3.1e-09
35 5 1.1e-09
35 6 0
35 7 0
35 8 3.19388e-05
35 9 2.30167e-05
35 10 4.3926e-06
35 11 1e-10
35 12 0.000234271
35 13 0.000177647
35 14 0.000137485
35 15 6.13119e-05
35 16 0.000216682
35 17 0.000211655
35 18 0.000187754
35 19 0.000158491
35 20 4.22e-08
35 21 1.4e-09
35 22 2e-10
35 23 0
35 24 4e-09
35 25 1.2e-09
35 26 0
35 27 0
35 28 4.98554e-05
35 29 2.36109e-05
35 30 6.937e-06
35 31 0
35 32 0.000262083
35 33 0.000205406
35 34 0.000140522
35 35 0.00010672
35 36 0.000370779
35 37 0.00033079
35 38 0.000302159
35 39 0.000264401
35 40 0
36 0 2.29e-08
36 1 1e-09
36 2 1e-10
36 3 0
36 4 2.8e-09
36 5 1e-09
36 6 0
36 7 0
36 8 0.000137137
36 9 7.69235e-05
36 10 3.6818e-06
36 11 1e-10
36 12 0.000593432
36 13 0.000308315
36 14 0.000150288
36 15 2.69198e-05
36 16 0.000563449
36 17 0.000400651
36 18 0.000240452
36 19 0.000148378
36 20 4.05e-08
36 21 1.3e-09
36 22 2e-10
36 23 0
36 24 3.7e-09
36 25 1.1e-09
36 26 0
36 27 0
36 28 0.000156057
36 29 7.74075e-05
36 30 6.6633e-06
36 31 0
36 32 0.000790292
36 33 0.000407206
36 34 0.000174244
36 35 5.83099e-05
36 36 0.00120449
36 37 0.000706804
36 38 0.000333637
36 39 0.000206079
36 40 0
37 0 2.92e-08
37 1 1.3e-09
37 2 2e-10
37 3 0
37 4 3.5e-09
37 5 1.2e-09
37 6 0
37 7 0
37 8 9.80195e-05
37 9 7.67029e-05
37 10 4.7019e-06
37 11 2e-10
37 12 0.000524967
37 13 0.000290617
37 14 0.000173855
37 15 3.17968e-05
37 16 0.000492334
37 17 0.000418151
37 18 0.000268279
37 19 0.000177653
37 20 5.08e-08
37 21 1.7e-09
37 22 3e-10
37 23 0
37 24 4.7e-09
37 25 1.3e-09
37 26 0
37 27 0
37 28 0.000116992
37 29 7.75754e-05
37 30 8.361e-06
37 31 0
37 32 0.000607832
37 33 0.000385703
37 34 0.000197695
37 35 8.25157e-05
37 36 0.000968388
37 37 0.000718051
37 38 0.000436263
37 39 0.000275019
37 40 0
38 0 5.09e-08
38 1 2.9e-09
38 2 3e-10
38 3 0
38 4 8.9e-09
38 5 3.2e-09
38 6 0
38 7 0
38 8 0.000107615
38 9 8.6045e-05
38 10 7.8596e-06
38 11 3e-10
38 12 0.000542973
38 13 0.000388973
38 14 0.000243707
38 15 8.48001e-05
38 16 0.000536039
38 17 0.000505701
38 18 0.000401788
38 19 0.000300286
38 20 1.863e-07
38 21 5.7e-09
38 22 1.1e-09
38 23 0
38 24 1.56e-08
38 25 4e-09
38 26 0
38 27 0
38 28 0.000143366
38 29 0.000104932
38 30 3.09184e-05
38 31 0
38 32 0.000637265
38 33 0.000447576
38 34 0.000267558
38 35 0.000139519
38 36 0.00087433
38 37 0.000819947
38 38 0.000630818
38 39 0.000456391
38 40 0
39 0 2.894e-07
39 1 1.19e-08
39 2 1.7e-09
39 3 0
39 4 2.99e-08
39 5 1.01e-08
39 6 0
39 7 0
39 8 0.000112125
39 9 9.2314e-05
39 10 4.72022e-05
39 11 1.6e-09
39 12 0.000555825
39 13 0.000443913
39 14 0.000347396
39 15 0.000157625
39 16 0.000518528
39 17 0.000578237
39 18 0.000513901
39 19 0.00042384
39 20 3.313e-07
39 21 1.14e-08
39 22 2e-09
39 23 0
39 24 3.34e-08
39 25 1.04e-08
39 26 0
39 27 0
39 28 9.31787e-05
39 29 9.38227e-05
39 30 5.40488e-05
39 31 1e-10
39 32 0.000586055
39 33 0.000479994
39 34 0.000389223
39 35 0.000270313
39 36 0.000683398
39 37 0.000775238
39 38 0.000804373
39 39 0.000713195
39 40 0
