[JOB 0 START]
0 1 2 3
4 5 6 7
8 9 10 11
12 13 14 15
16 17 18 19
36 37 38 39
32 33 34 35
28 29 30 31
24 25 26 27
20 21 22 23
40 41 42 43
44 45 46 47
48 49 50 51
52 53 54 55
56 57 58 59
76 77 78 79
72 73 74 75
68 69 70 71
64 65 66 67
60 61 62 63
156 157 158 159
152 153 154 155
148 149 150 151
144 145 146 147
140 141 142 143
120 121 122 123
124 125 126 127
128 129 130 131
132 133 134 135
136 137 138 139
116 117 118 119
112 113 114 115
108 109 110 111
104 105 106 107
100 101 102 103
80 81 82 83
84 85 86 87
88 89 90 91
92 93 94 95
96 97 98 99
160 161 162 163
164 165 166 167
168 169 170 171
172 173 174 175
176 177 178 179
196 197 198 199
192 193 194 195
188 189 190 191
184 185 186 187
180 181 182 183
200 201 202 203
204 205 206 207
208 209 210 211
212 213 214 215
216 217 218 219
236 237 238 239
232 233 234 235
228 229 230 231
224 225 226 227
220 221 222 223
240 241 242 243
244 245 246 247
248 249 250 251
252 253 254 255
256 257 258 259
[JOB 0 END]
